$ANSIBLE_VAULT;1.1;AES256
63616630636638383963383639366164633939636630336430666661323332366237333534613632
6162343665363134626636666433343830303238363863650a366134623534303434326232396132
34626236303361616639323265306166343137303831373066356130353639376362363534623863
6633313833633165390a343633636332373939653539663363386663323533633136373162313763
63363233336466373734633238376361396330356463366461616137626239376632646161363930
65613938396139353939333261323264366630626432303866356364306636616365663163326233
37643062636330623535353735333264656536373966323362323864376665653462373735386634
63356334363631393238653462633531353037393264393730343132623739303736373930326362
39386431393232386637653837353037326631396337633066376139396639303532353261616665
61396266346664343036663366613132653865636136343362363230656263663733353765393865
33366137323965323433363632623866613734346233336562306232366663363431313732393965
34353438396336636261646532386364356437346664336361633565386264396632303966393939
65663163313461376537343138383232613665616233303061633565653138663937396666356638
36633031393866616631663962636631363532656564346366343061366338633430643663333538
62383765396163326530313433623232356434376331313331396231386637636362666436666536
30646564393262333435613965386532663262383965396138616162616463653036353361343038
37323034643164626630616239333832616531356462623961383363366437383735303831376537
37643162663531333939656562633635313961356435616665346364613034373864306532663231
36303365383366303839653639336365656365363431626332373361613465386161313833393139
30623733616236626264386230323566383931646366356566396531343363323130623631623433
64303033666135396337336261663238653666303939343133623066653430363533356634616565
64326130646231633432306566633462396634626533313438343339383336326636653939306231
37353739303365303536633562613434303038353430306334313936643930643664663462643461
64333162396431336331333935333334613336313637666135653632393438633835653033623838
63663639323831356230336239306166656364393539373330633938316431613631353534383638
31326137626433396239323238306665373638623363663063643466313736316339366262323239
643762633030643232636638643138623066
