$ANSIBLE_VAULT;1.1;AES256
30663832656133646332376639626363313831343339303264623263323663343163386439376133
3530363466373639666662633965383436373232386137360a626431636232646238333633646337
32353265323537323462666163313161653537373639363362623135353636393564356431356438
6531623133316361300a363933613237663866356564653265636330353131356364313962636231
37323462323937333665313338656235663436373339643438363761393364363131636138383437
37666536646438663565386136366336313336666130306132313465373061613966663331316366
31303932353937663330373363653132643734353965616165333766643663353536373430653961
33616535613335313566656165356666396364633835643439363761373465316332653736613638
32636230643339633837646136636530613039306235313633313332353933303164366163626337
30343664393765353663336338653662363534653537633263616164353062353164626330363632
32666335396133613662333565303332386233313964383431623231393337373366363331353335
33623531663335633961336265616462353835323762663865636439383862613765613034643962
63633732633065393438393963363961376361373737643564313139646666333234363761393365
65333761386438623133303363343230343838346331616336383339383733313131333330623362
34613030623862376264353639666434383663623031383966306338666362346533386666656233
63636533326530663035386161373662646263363537653539626562383536373561666262626235
62323336663963393361613864666266323665623461613338373130636533323230396132393831
33376366303636393766623232336434376132663538363134623439386530376437656462396637
363338383936306263396664313564336131
