$ANSIBLE_VAULT;1.1;AES256
37306335383163306462663335343162376530316431303963313230396461373530636532343332
3537613965353333616461323864323232326236363131390a623863643462373737323464653865
37373361373533613465366637653836323861643935663730333333653239653131313237343532
3035656263613563330a333565303332353638363430366364653632613930663739303263333534
34303035653132316331323236623936373032346632383432363530363336633235396262393632
36643136373265353830323739626162386136323832623531353263646165306134363463626564
65383332643430353731343639356664333937393539623264336161383230383361363564396639
34303865633731356238393562326464626534333266643432646663643230386530333166386631
37383037663333653738376336623061306363343836366137343362633935383036643033313531
33363363333930353030663732386430313432306631393363666639613638643864376635346565
38376535326138353364666631383663633131336666613866666436326237316430376237643830
63613465316538656433393466323731386333393331663565333965623431346165613861623962
35623534326264396239353233643037323265383336666536306333336466633663393863396562
62666463383330333966626566623230393638653333376365323332613332613531633138646463
34626333613161626534643639386532393231363432343831313364346630313139363834646635
63633631646666333163343664393965316233313933313731633230376366363131316536356566
34396164313866393964653334373564386234363539383864623732376335656365373635613464
62366432333731353731663831383534636439626431623561343764636630633561383731656466
33346161656663396265363261653461336164323134613131353738646430376463363131323132
38373364376539346130353330323733366332376136356163383334313633343266623437656562
62366638643734616631373036383830396531613832303266373464633761363330366437353665
33316130646362653166663062396463373361616135343031363539636538353762393462626330
31633037303061383933646164303264323239316134626630313832663364666438623630306165
39643139663539333736343964343139323161623537356565316338333831326236643438306163
36623362313534373165653432623364363034666531383261303139643665626465663266316638
6364336339623431363237376663626437376635633334333562
