$ANSIBLE_VAULT;1.1;AES256
38316663333461343662633365383930323132336136373162333861663939343739373534643536
6461616463373532373235373363616136333236623834320a343937663631326239336331663361
63383832623366356433363163616137393130323935313034666535303566343232663637343938
3331613837623933660a386664383966353238383838356664333664373735613365623464663035
62613839636233386663346531336138663733396638613233383765343163306263303532363765
36396233303965393830353638643931653532383630353265636163373531643330626634333433
34353932663735333732393561343765633463356333666365323336626232366264636564353165
66306666643262333562663235613530356632323936393766653336373131363130376463303566
63343734303036303864653533303935613464396662363661653061613731666437333930376263
66353235303462333863316165636133643963393532333766353031633365313436336231623131
32323232653836636462633265366636616637663764656631633363313437623639353536363564
31316666653936636632373464643531396366613162633935366535663862653830386563663165
66663839346233343235656661613766646631666636363839646437343838303761663761623439
35333530336365353832663033313735636531653363656535306565353664623237333135313661
65386235303037333939653339653838393764366239326135303931623764613039623034306439
64353537306132343737373965653162306362663466363261336164373834643030326436393831
38626530613233396639623362346433643163376132326135333463666233343761633538336239
65323664356464653530313137313864326431383239616239616532363263376538633338616534
62343637616130346634396665303234376461623335393364343863623462346562313062393131
38303233333631646362313766303431393861613936383837376561346237653864356364663561
65376262353964623734643034653336646264313063653365623034396466393463383761326532
61313464666231633932363961313631336235626134323638353036616633373030343739393031
66386464643335653937366465353365333730656236313037316131343336336632333038396635
34313039646437653834646166316339313966383533376537653732396539373231383161653334
39643133633966323637376563303639633335356562383465656366363264383237643235653266
66623562363930656130613365623835306539393237636361333465303530373733613263383461
66646535306162386333343632336464316465326335306465633561663530396463643763363765
64336133653530636533643430656665663466313233383638323234626634333237336436373561
63386561653639313963633161356265653266643162633935656539366464313834393131386166
32383766346563336338306231653434333339393164383236663530396465343138643333373065
31663634336638326138613231323431306439613864363438373464363232353231623062356434
38323238623730306531316334396532373765383561396264623665376333383061363731386137
31643761353963663562663565313630386236316134306465666566333063636363353337356664
61646430623733623363323330666434363566393531623432663565626266653431633935373065
35343239353930386364343435646638393834363630393537393031623933323538613631313635
33376233346533373834303237633234343638356561626564623438353931303163393965383937
34373564306662343265366465643830626237353736373862366436333437363235336365316130
65623339306465333366396336376337636538346363333263363431653164316264393535343033
63366366303661396165376436396562353333326639653164353735363633366562663034613934
38663032383863663562623061386433323030613362653235373538613731613663633034333030
37616535366465663166653532663861653936363134333030313037653633313432316239316233
62313438346661353531333835376461333563306563633166316532366532356531346665646539
34393531616330383334623161336532383738626464653866333166336536383534636536376464
38333466663263653836313430613036663262356161373762613739626538666534313630356465
37323237666337653530383935626235663036343563343066313063333365383861333366303166
66643264306135393562643231313964306339333839623536323035646564383537343033366466
64636130396363643936333335373734383231313361613239353834306466393436336132323863
35336365653533346631393036653232373238623334333766636339366131353430646530636436
39646336666563613238313962396164353232663237326665373561646662356631616139613935
30633537623031383839653130383638623737623531386461383038646534366163636136306563
36343861636263633064623430353234393861313233623461376338376561643739363961623163
64313530613631623133663635656562633537326564356364623134353333663261663236303739
31353562646132633362336463666465326631373865303439313762373431343964613937316633
38393535666436333065623830396134303266613235353865613837633863346531646362623534
30333935313030653831613334313030343466653561303039633461353863346165653535373031
62313562316531393165616662336431393031323630653937633139346562363639366534643363
38373636393434623438376562363037326665353238643265636661373631386264613162386331
30366164653863343561616331393561396637393230316162383464646336386538643565646165
64373433626365643034633066623663376565343361613966646433653337323939666438353063
66353063643130373664633435333963393162343639663136386133306665326239356663373638
65316465366363323833393862373234366633383962663364626662343361313030363661353434
38646364346630646266633939393062353363616362363933353232323330396139303238383531
66353165376164356530366633346566316238343530356236366666306436323734636539663032
39633535666237306133383438666532313839386566316538643736333634333830363862326264
33656134383634336165636262643239386362323130306436663239343963663130623830306563
38656139366566383539353537623466353865616263336432306636353234376537653336653361
33663266626134613766323631393430313763326166636662343065343665326163356263666437
64353131366538303636396634346234373533666666343563316434653963613336396339333334
39306162393531663532616638336237383261353235616138353936353633363831393532643730
31643361303562376634343730336336366435326337393634303536393264636366303665316131
38636539653834363038666331626166396666333038646537613864323132346431333063323335
31356438306532373265336332303266633230633761663439333336323865653662343364326465
31646562376637663865343464323637313065376336336163313935626265303531646364353366
39373263666136396162343736366365616463343538343733383865646232663664653765653234
66363665653437383830383231316335306265336430333262343031393630626332346362633063
64653235316164636539623932343130336662333737363638376335353562303836633538396363
38393138326563386366613831316132373566313965666436383137323830663931373230656566
32393639373061613634313864373966373066646466303239313563366363373563306264313034
32353430633061373862646134366338363034386332653233343766303338303933373138656538
38393163353630663535626230343231653739353535323061363636376233623035366431643937
33303037313464633262393361326338333832316335633164326366366364303439346361653965
36633632653138663965636166343863353562346533653034326639313166313964633936643065
37653731333832643431366366633162366532393037356333363164323863323936336562613966
63336336376631613536303330663739666331343733326661626230303838396565636131313639
3536
