$ANSIBLE_VAULT;1.1;AES256
62616630326561623766313466653162303435613137306265636430636566383637333563313535
6235333033313464613838393936326139303061663633390a343164626137663863626439313664
37306363646632336561306532653232346662323964333030633362623234643262623862393536
6463306666303366640a656637623163363235653165323231636263323430306666636363323465
65323464626631343433646433623163313564623537396330333830363934353133373735663936
37336162376164386439316538646539346135363932356130363437313965653030316534316635
31356631306236383039326231353362336434343234396335366231633138633062313637396463
64616230643966316561393533363335313631373065643735303539633063306139313331386431
36323662386435356539396437366239653664343264393739346361386237343437333065653764
62613130643066323462643831326337626230363230366636666163353837316631383731306238
66326337643366396466643736313637653038323738303837623862326235636163303464316531
38393138333137323039646662303263626337623864663666616462646337323536313765353131
36383438626130643965643163343365323361313331633038653363376663613839323830643539
30643230336235303763386433653061616130316261383636386165333966383966646634373063
31353431326261373130303265393335643932623538623262373430666266313165303836363535
36613838343836623730343832396633303962356532373332663362383937626336623832636265
37313034326239373233363033393832633433663630323361653237633331663666313637303765
31373463383738326232383037356463663333386238363432323636313938646537333431666234
30656162633062393432373438326532383038656363373039323066393133386662396232663064
33623637356536663932333033663336303339653361306661613533386532356239316436343735
35353537633164303563393061316330386135643438393164626530323132633938333262363632
66313339303739623632626339623536333061346365323038613439353262643432663534646363
39303734306336613165306161363361386437613336643336656362303162646631343036616364
39386664353638353564343162333237303166643463396631643365363331316464303833623137
61386138656337383536633833616535333936353135383136623265316534643863363634636438
65316431633439356563653363613339306636336233326565346561316533623739316234353337
35373538343362383338653437666630316636656639383137646639333435353339663662366131
65383862326338343535356133666239393737303736613965623564303362623135616632373534
30643337376339646230346437346466666363336232393038626266613538653762623637316432
61396533656137353738333962313961363639333063323730333438363437383435333534653134
34373465373638633565646133306632626330613932363637653331366364343664396632363931
38623830626434343436623937623562336363346432663931363236333966316263656164356131
61643139643562386632613833626130316462333636383037343265393563626464336431376161
62376136346438303561653464666535333333313861656464306161303437316636383034303332
33343061333230346231313432636364343538343435333636306362303563313533353736326464
33363734666531626136303063626264363436613431376637396239663961393766353236386436
33353163316533303964303564636635356361376434303363653432633539346466353230393863
33626335373262623963636231353330323431666430636634383164313830636238316237613561
65343362353336386565343033323166353131393233653634376539353562663537663863623233
63356238646665393964303261653536376264323433613164313861323733656665326134653731
65366230323836636530646536363832313335353239393531613630646535376566653762376564
38396638373266373063623364336563303335383762343336356637663830613733383266326161
64333863613163316433663230313064383763646133313339613564663938646335636436643836
33346163613566663332346535326337376665616263366335346330363038356364346539396435
35636235346362356663383361616561303635646431356262303438363066383361353863616533
65383536653337663366323766393437343364346534313130363938343130396366616332376535
35663834383061653166333532313562663562326262313734623439353035366131313639663161
37656138663764363065383433656166343332663931326234383836663733373738616133386635
30346132663336333339396136346536663834323064343337383133303731376163356664373864
31396633633435666266313234336462373131353330323930363039336366326533666166396165
65336336616137366563316338393531636666316533333834393632376330313465303462343032
32613537306239396663386530333264353430336364313632343865653136323436316361636430
66383661346661313632653838393633306637663539316335366463326334633037356231316632
64356637646239616235653236373330616362666239333534353262333630666236656636323639
31393638643861613264303538363334353733313836663366343237383036383862653861303132
65333061333637616361323662633739343238323533663836393231363432343433646539643565
32646533303237333764306338636364663030366334656564393464373761646433333964333337
30323638356666623065393638316431653636633039336230626539306465653931373934663136
33643166303664626464633239383331323963383862613135356466376435366662666432643033
30366636383330636533383130653436363139616639656162343939656538353134633066366363
33343731353661386664633066656666646266646430333761613565623639326534626138633931
32623662646136356365336236393830666562363363626561363630333837323930643433336633
62396665646132633634396533343831336561616631613637313935393165396361393265396164
36376633663034653461633430323632613135616261653961306538333864626666393131316432
62653262633739313663636635376465666438353432356566643039646238376432623761346365
31386334333264323663666338316130373130623463356430623639353237346635306331396331
31316266636537633062613265393335303038326535626632613737383238613934646631393338
66383334393231346636366533333436383333383261306161326162313165396530333939656135
31343739363464303265313934383966663134306637373335653131613430316336626263633939
30656135656263386366316137653166353333393933363562333537323165303331623461616161
62653931623163383563366435613630313334343361393330343038303531353566343365313636
64326237613532383364363839663134366432623735393238313164333866633832666232383538
3237
