$ANSIBLE_VAULT;1.1;AES256
31653735393165346263353461353932316162376363343865326237363337303864663339333331
3036643030666434373935626163643236316339303666310a306630333132393232396535303336
39636561303266636331306431356665363566643266346264346433366636316262386236303962
3433373735336330310a356164623961333266613266333038353466663663633464383839336462
66363037333861613062643730323332363632656334306537316463636639323732623432663836
39616437656363323839343535386431316562623233363264333239646331376536653534313939
31333265643361643263353035326261633133613564633939353636653063663663383662316535
61343738326363356439636531323637363463643434663832646561623438666638646538343864
34303839353334393064613530373334386265343066323439313039393030326136333663613339
37326233356334623136386137346235306161643532323630373764313231333364396565636437
30333939313531343338653139353036666230313433616634306439356166396338613236336338
31373439396663356437363831353738333238356162393266346234383761626631636238366534
64356263646633666263343766366135613431393664366165393135666439303563333761313532
39336338393838326439626363396636353235616261376232643536653036663038323566363463
63376430656334323564343739636238333231323365616637666362643937666335396435663861
65306334333330366333626162383032343131623338633266616266353265373163613930663733
62323437353937633631633162666563313266613365303730643831383136656662666435313535
66643866396261666432343661386537336334363831326363363632643731376630393337363831
65366437653564343534356663323063613561373566336330336565616638626266636562663036
64343637316537633837396361306562363036653631373934616639326462333062333831303438
65353665353835643839366537306532346234323365363032633939323965623735633865353661
39373437376164383566313839303432383936646539373038633237653932316238623066306164
64303032353466656635636139363361383764316161626661663361316631653134316536633436
33303265323161326662633432653732633335343364383535643938343538333862326663316463
38613864616561393637626163386438653330616334653530626463316561323666643532663933
38373134346163613061373661373830386137653962656133323439353334393064343039386231
31653966376461306237633131616634653631656463303964343731306364653835656261333735
34386563313266343938393532333266616262366564656130313433353631373835353731376564
66333830646132383531363561616539303766313163393936623365343861386461366630613032
30373834653237623133616133663465666633616161336435346130626466623566353339333336
30643234363666366332346239366138303163666431313235653837393132643932393536323664
33623162656430616539653061363232386635316566316231653032396330663033316238653835
37303531633266343635656133613930343466316434663831383937393632323232353066666236
36623065653064643533333231653933386561353763386431313164323463343938643234356139
35363039626135663231646466333139393034393930306631656235623764323865343532383864
65623939633831336334626438343133353162336333636264313532376364656461616364393536
63383634313064346136623261313438376132653164373739366238396436323066323762653665
65373765653362386432343639353763363863646262616163343734346433323364633936326662
61366566653732656334653930316564393662373063333731653332383134613030636339623730
64343837313961333164373961356164353134663233656234353534326164336361373361623731
35633534636235646461363533663738373364386538336238373130653832656134383035373831
31313932323963633538353338386638613435616666663164316563666130633139613938366533
33303733363733313730396462333338656231653832656433636461363361646335366564306634
37313037363762646438356135323432336538353465653836323338653037336337366330633830
35653132366239646631313962663464376535623638393030343939356636646432306532393830
35633237366464623030373066643136333635326435393865366239306130643531356438323133
35366430636536633037396331633764666337396632346535316261656432343661383237346138
65323832653034353664313436646135393931623065343331643363386562646132363837623838
66653533656631613066336239353637316464396334623636356231343339633063363061656134
62653664333764653239363363313534336237386161613265633566353231346365656564386633
38373364616462663764616561376164393366366237643235383033333964333565346563646234
65343166643834343632373061643332626463323861383066393265623832356635656362373031
61623438363331326534316462376263333435313236623064316535316164666662333638393535
34353436373962653439316334393466343864396266396334666535643638363730363461363037
61633132363239656535633733306461616333396330626238373863393532393039373930666138
32356566633739326236326639643864393232663564666239356261663439666234333765323738
38333166333939363163653861666231333034313334663363313933653963386538643335353133
39666133636362663131313161363232393664656161316237376635333664613631376331386334
66376565393836323166396433623763666464373464626630636538353937646235636234383333
34643764643239633437633063356234613736653061373666656363306162626365613837393032
34633764363032343461633562613231393430623563326339666534656466393133643730386364
34306565313438333039313238363435323039323233336135353333643661366335363063643738
38333336636261343966346130333733643930643763383165356536613932336432386630306637
39306464373036636166333464633864323235643463376432613732393061393564393766366634
36343139613430643039363935333163316638653566623962613339616361663131363965346339
39633631653262643732313730633064383766323232666566646566663563386266376439353034
64326565636133383435653663313836343366313135613866306136633165366265353433393538
62393265386561343537633030313366636432646162396231323336336536383133363061383633
61303339346232653562636532396239316430663163633761353431326161396362663235353662
62363936346639663863336466346461343630366534316362353165663264323562643035306637
64646239336162633233303637623332303563613036343539306231323935356638636133373632
38373033666134383237323631396430363733313830303863386333303538323232316636386431
37663738363034353131306264303064333535633662383539326265333563653762303139616466
36663836623832303366393964333065333361613739333736383835363663333266666338663630
37353264343639626262343834386662616233643038633933663861343163316132383836323966
37306133343864303161373737613232343032663433663835306564366462316266636664643634
66356134633663333535373363363135653761386638663439383861376637393261613331303462
36353935623433376138666439653338333264633039383639633962653030333864666131356163
38336665613663326239633263376337333933386530623831613463636539396166313266313937
64303636666630323563663436363536623063326362333866366662366336636263373335393336
63666139626134363962643439323965333538656465363932386531343162366563336238323232
31333462623337653437326639376266663639616637346361306132316238626537353264633530
31666630616465326261666563636365393061323832346361323031653534353961616636643765
65636466656137633832316535323664646663313335313064323935313133663534663432633362
33303231313935376133636461653164613632386461656536653433323731666261656233343339
66646234306138333837353537363732656536303861633836393466616232396639636636366434
36356532346265363463383430333731393139643434623733313939333435313432393036383031
62353566303662363065393335366535363639646537343539336563336663643933666236646366
65356533626430386433353836303166346665333337393935663839653537623537636362373737
36623862656631306366616336336363613537316165353238343533323464626531326262366336
34623137616663656662303836336561386635373266363534366336373535656632366365653432
61396230643339373232633232626239633134363963616436353332626331393831393439323235
36393562346263303433306335353464633164363935343830346165386135343161613266363831
33353032396465336438646636373730633931343762353433333131623761623463303037386666
64376436373163376639393534613732323237363365363462333763623664386164653136613565
66363233666336363361353338313365373437343533633266326364303433613963626630393932
38303036376233633937626230636637363036383566626466633832366165663835396531336431
32653334633834396461383537633931373136383130383836323166313061323137333031653539
64373161333963353061343063316334383263383635383361663261346639343663323862313961
66653339616662636166373533346434393661343037316639323337666363353639383661643239
32396133306537386361306639396539633636666664373835653938373734326434643230353036
66353963376663333334363834663531313762366534313238326535326166396434633264336632
64333934383163363131643037343134363334343937653236393139353836616437353866306535
35663537363665353739653265333035326366353431646161613630356134386335353433383365
66356563333164633161656336663366666466646632663062323062663831663034653832343733
32393965656465303436653739316261316530613364636437633766393263386165393431346639
63373337393437303766313866653431623535656231323262663865386335623032633736643262
63366262616334316533663032623635393065626666646131393866396132633135373639643234
38623464623763336634623762333834626438623862363032663839613661373235313466393365
64643730396362393530346339346133393732633538373962613438363637366630383638353365
39666638356464383134633036626165376238626238343064316336646430633234326464623764
32616134616430373633636333623534346364623838666363633564633337383635313830613334
64626134656563313131343732613238353536383134653666666539363934396463336263343933
65313736663635636437623761656533636432653735656339636561653631666164373434623833
36383735383434313237616337303664366163633533386332333866643561626632313265346439
37616663643739646236336338363061326261356666653638393165306231623463393062386466
65353233666630323432373163363962613032386362393266613833323833313136643363373066
61393761616136303164306533366366653361323066653538363033363663623865333536353366
65336137623563666136373430663636353161363863643533653631383532303732316334373631
30643136376363653336636261366561316632663237633064363033613031356637366163373737
62616233383138623261336465633961323465383933656566393139666339623466343466313264
37613139346439653563333963323533376637616664386266653233346634666135653763393564
39396663343833666432386534646537663966386664336636306137666430373631373830386566
35343332653734623163633836613738313037623632313865363634313236336561316139643738
32633832306531636438663435626333613030313337626233333966386539653237323439376266
32366536633236613261323235623263616331646361383532323435393837396433343231356531
30623233376364363233643332386565313266373031303461633365396530326266626264663065
30656234383066343864303464663865373536346334643334343537396261613165643264653530
31303265376131616231613632303538633136363834313361336666383864643935393466393262
66396165613737616139393962653862343931386630386539363565653666383534313163336135
35306365663539373362666638343663666132353639373665616433303364666635653131356632
31356663303832666531343031363464353530366639643064636363343738626136363565323837
64386431363138353730323138333234363534666661343239653331363932306165356536656565
38643436333733306264366638616635323066633636663064353633396431626638396334366432
62383063373761613132326464396161336138326632333862666537353833396361363161313863
35313733396239386238363336313061666433303138663938616239356636613161376163636132
36326536353533306263623030623938323137336539386666353562633232316531373262303062
62353361353137376462623866396531663534323137616566656463386166663131373363383362
34383934396165363733616135616663653264613666663265613038636663323732343838653963
38653962613364323134383439383363613139303037333762616130643863646361336363383538
63303261336637663734646237316234643363303936326162376564356362383935306637643635
36653562616163653566643661363830616135643665356664363635366238363966356466333737
32363534366639333235336363303166633936373034366662306465646630666563626564333362
64643336343333623363356635323661386537333732353565383430616165316663353861633562
39376463633466386537616530643834333830666635313531636166346631326261323061353636
38323165386232376436656663626136343232656531646537653133656264653533343966613133
36323363313064316434356132636132636261666666646366343363383633303931666635663330
64646261366163656561396433363936643464633462643237366363376138306235396635383162
65363135363133663035336265653733303437336230616462326563663931376264323163396566
39356262303632663361376637613339643561333238396161336665323266373862396362306330
37303337376538393736653061636433633733363639373236633434313733626631616530366363
64343936373861336137643263393762363733623738343639396539346537623163646331396631
31313539356533396433396130303362306163386465613432323936653066653562393933343666
33326664376638363836393434613161336331326331316165363131363931346233643664373266
35643930366533363061626432373761656661303763663565616434366561323562656363353131
35316664656238306565336262383531383565333436326637383666346661316331336665363263
66626535666135313337323733646533636235653961373731643564383964333039383235666631
30393033366430393731643233656531623864306530643838653634333635323635346265386139
65313431393230623236656639313733613332623462366636396464353531326663393032383136
66623137333534343361393962633265376339366664653933633461333061666663346632646436
38303766626434616433623131643464303933663832616438383634623937316334656265616463
34386663363263393833623162616533323932386633333235343138383630643736633066656562
32623463623764333132366433383761343762353331666233623830666133653438646636343961
30336532313833653935373466376134663964666339353936346165333063636630383861353433
35663364633263663235623631313633373136373333646430323264343762353065333964313565
36326139306333356366343561653565366137356664353631306230663136353836393939303130
35663230396662346231396432633139663634663264393164333731323530626336306632353865
39656433333439643164303931316563373932656237353732656535393930636233373930316134
64306437333739333532353339323866326261333536643064316362653765323639353638356463
30663536353930353334373339346334303661336336386135616230636563336634323331623962
36333039663663393861616166346663386563343263323939633562623733333134633435343563
33303036643064613135333133303835623537383566343365393230353632656566613936386136
39306365363965626539633635353830343331343366653136666535363031656365653861376235
62306130313639303564336634353738366233393130333661313739383334326434646161346338
39663966626565343730376231636430616236313138326136613563326163663434343334613364
30653936313561663836383137643834656131623862373966373036303939643963396362393066
30626631366366643835376566636234656138323563666437623031383062346531653964383339
30633837656133616236363634623038623161336464376637656138323831333735366364303630
61623435316631376662336661633234663939356137666133393631626135383434316536383630
62643464316533353430623838316535343137623137316637356336653066363266326138656464
30643430303963343335613866386438393430386431313836623332333264666566336366376338
39353835653034633338343062646232393335336235633437336661613034336336383933306535
33336365326466663064663039306462396631373663643430353031666663666230333735396337
35663339626631663365626531346165363532626161666338643331303439663661323837653431
31643836343239393166633864313938323538646532303435623530646134376661306634316539
35653337393133383332646230363366666564363337373766396130656666613061323537346530
61343261393738336365363261343966623536316262386363613831396363386665353862363139
34343166376436366133346530393535303530656334376534316139643630373334333835333235
65653361326265376664633062626136613932643262396364666363623766373835356535303463
62366136343662643234623730623839396634393163643663393563353436363266643939653036
33346561323433333232366334353237616233373330653164633565393734646265333235623766
33323237303639626638666335303234333634653130393262623733396464333964623739626631
36363762393766353766313431373136313430623238633137633338376531333138663963643964
63373065653035316537396163633734653432633666666230616630663835383438656431626139
31353764626237353965323834343230343638393832323962343464643361366566383564643937
64653835363137613330343236666436656631313339313262313538623765353437396662383631
65393139613133613165346366303433303638663466623661663761616364613830343563326662
32623533363466393138376135376432626330326563323334393735366536333662363636633332
30353130333030626432316538363030663135613936393065633533363531313066666366303761
36663765323234323639356139353836313532393636333037653135306661383934323032393135
37613364643039356233616166626239363962373164323235616138643233313663653935343363
35376466366263626231613837613834653135346632383639633634626437643830313932383736
62376236303864313235353335653764303661376134303131336466383666383234333639376234
36313065343764336536336530343834353830376338313230626334623036653963333230616264
39343965646436343437643730336531663831353163393339316137393335646630303330646536
35313536306336636435646164316137613036373961613261626137336634623063626365616663
64653432333430613431313566306164353836623835363030396132646464366366343434383638
64643339363036656339653235626535663532383030666436386539633538313564636162346237
63383633613435303866306264323638353561333535663932393935643465343666346161363365
38346563613964656262316238363066626332373138366664313535303935366161626264373263
64393736306466396236383361336135613336323439333632353261306632653736366665316461
65326261343465336633356531373561626238643065663662313930396134613736316261616332
64613630646464323161323466643330353963306462393038393830353866396530323937316135
65313032373635383939323365343362353132623633316538653562366539313433356565343130
66396333303135616466393837666635643231363937343565323832346464636436363935653536
38353537333733636630363638313339616236656635343465663234653332376236633662373839
61386133666635323761353038646461646463316539656534396261666632653735333463333436
38353336646533346462636231363138306263373837313335396266306663663331376132663639
65333466363665633535663831633234346663383838393930353066356430373861633234666161
32333862383934376435373833333064363238613734323434653833326136343066343930313232
62663466386630373035376432386565633263623830393236316662613236663236323633616135
63383230383038613261303830393837616362626430333866333131303962656361663666626566
33666235306530396130626133343462336434376238316630383439653563666265306231336632
61346636356163656663663437643737616566313862333432383566626130303939653238633036
63343962363938666330343863303564373837383336333131326365333461663037326362616138
64646134373730633631373834633865386566303466386163613433323533646239653932326139
34363233316633376564383366613864626466363332306131313034386533613937663332636562
30383933356336363866346337316165666636656638653631613232356433353162376133633039
34656538323133633762313762656264373736353739666664646462653632646166333338656636
37633236323462303264633630656334663131303662303630386539643836323335373562643835
35363833646461303863616537616233616430663663373962643938363931653530643737366265
62306538306566326230643432333136383463343062333331636632386139633835613636393065
39653334313066346164633466636135643462303433306133613630393831386262636539613664
65323438363231396431303764363561643930343466653239636461653537306135336562343533
64663231383065376138626636333438643266323235316666383434393563333830396662333239
66363162636137373732333135313932313563366235383132306230663135356663643466346662
32316338643336626461363462376366613135653837653134396438306439666136646161623761
33346264323565346662323039383436643163646365366633393031306664663863343665633436
66663463633866376632613162396637333930626138356434353334666464313639393834373930
63633931626163643430656338306363653661663434626132333036313332396230643461646139
31613263333230383939323562386161646530303735666235393336323361343165353237636138
61306163333166333661646564313466373065656365666363623036383730343465323130376431
62626434326630353137633563366365326131383632353230323438316230383566663136643663
63313833653037366234356539323564653633626462353161343038353766323962353866363932
35333738356534643764633266626665333334616166653066343732616665356635346133366661
35393566373365663461633132323031393962393361623164333661333637656639356238633432
62383534656266303736376266383938383464633031623339613035303136333165366663376537
34666633643263346530386635663734613463653564613465643463333934373465303939323963
37353236313539666239373965343933313130313237356132343864663165643063336464636133
66323765303664393536343130636637313134376263336338326461633733366562306564323230
34626135616461613162663930333665623964376330346130663665306135633739636264643161
34353264626565633561646139393138333035346539656235376436383961373561343434386131
37663465353663353035613263663963646562613062363431643034383438393438666239396138
39646661333238613035383833616335643733316639323037626638643264346362383635306266
37306364636331663633613236663164353835653833333333383761613031366265336261383538
39333639336438346564333963623034373232366162353465356634623830636238643161323866
33643130376436636364396432653230343537366539333164343136396231333638663563366337
61306664333331656438643866396333366166323630626635653035386562623537336231393966
37613864376664366464663434646538316630363938333937643063643836336439333835316566
36343261623835323836343138386163393833636630316635386337326361326362366337303665
36343336323133366336373064333637373865323738646361353461353938623934626664303534
33333336396461386361346131353836323466616533393661346136663161356663626238323735
65346635613232333336656231303936393164393561326430373432316563333663386530373664
32393662323032393165353439373938363437323061636536356266333633393734323366313839
36383938613038326365396462366231303265613937316634356361383734303934633630366366
37333461333631653962623339663039333264396436646533356231323363313535616136303463
38666230343666323132383237316164633930663433626436353764333764346564623430626663
33346263653665303033393535653333303132333334386637663765383236643431633664343031
34396561366564623365316131373936613739393965373432323931353666306536626232306233
65386336376334656165626336376230393138313032343962373464346531366438316536343562
30326330363539303466303861666337336336326134373561336533393861386530623833346363
62336463373933373263633334616662616435386438626537613234313937616336666630306233
37656162303431323238383234333330313031323666353238343838623365343861653930396566
33626232646365343230313831656536623037306634636237316232656564306465613331636533
33633736323061626238653766326339613833616636636237363139383836643861303866373133
31363666393637363034666166316536386434653263353565346139383735313165663335616564
35306136376534303535343734316630613738343062666238616166383630313238623664313863
34323566366238376161633439663130643863343264383264343131366336343934623634373334
39393438346133616634333433323365323836643966326335396432653463396161643862326130
65613938393231666431323132396362333038366539656230313637366632623338383932383964
39323134626165316235313539636665353438323637646231346464363130616264653366326561
33306532663233623062663439343430323233653861343466653235656333336438316161343534
33396539373931363066333966623561613966326236636531646136333136393434306239393833
36306161653962663566643866323063633965643337643663666639316335323066356463346337
61336365653639653931333837633138656130646432333861363832613664613062663961656165
38313862363630613536656565623466643437643830326336383365396137306632386362303065
62633732303136626537306462613066666131363665626161353130393064636530646232346537
33316465343132326263646461313263363336376363333466653065656564323535386664333930
30336664303131623839303461323336623231343538656163353264313339306664363934643936
39303532653962316231636263366533323236656531653632343965343737353162393566393832
61323564326138346364313661633266626265393262366532313430626262303864383535356262
33613835643135326662636536646230343063373266363337626336336233623766303165343732
38616330623236366134633738643931373534386137326562323764343866643038663230313539
62616431363433393464313339346531633835346362353431306564396331316462376334333032
33653539623465656233323636313738633461373636396163663436386333323238643335636463
36613864633063366132623430653463356362323739376231613765633732616631373166303062
64663233346463323531316435323037613538303765393134376564303534303134306533623039
64373530616336336237366363343238346365386162646266393466663465353139333864656563
30386464393662333636656262643039303431333134383636623938626166326434303534336563
30623666663732303561633063333161343362643766623632616366633639393336336533336233
34643635623963626162616438663239633738363331623362363139333036636539366433313134
66323065623533623832643862613837626334356538323465653433653466626536393866663239
33633565633161373839636337663831383137643736393835653033353234393735303639383366
63363962353130373335613436346134623834306333396231313565363934306637383965373933
36333265346630343836616530623139333430366530393563643162623665313935623537323232
39656164356561333763656338393836663932346535623066316339393935363138376335633734
30383462666138333661306438313363656465343635333431363836623538353563316336626237
31376233393838373832303564653833323065383837356562393631663938663939663334636662
64353764333535633164386561626633393932336563636465313336666462623966316332663731
34646638363765366166623765356434663431386664363862363062646331396339363036633739
36323962393635326531616333633661333131303263373230353536623065396631376638663762
61653738663564373163336664303065356333623366313639353963616238646266386665643862
64623366333338373766636430396665616461663736616164383430623361623939623634343733
34333763303231366538323630323137653361383035346166626164353431616537323733386138
33396463353235616661346534303434376636313132386163613439303564303361363733343339
34306338386664323437643466616265376632306636313537323834656563643363373739376166
34396230356136653935623231353663656365613733396465623132376339336161386531636662
64613063313037616232363533643562373931313061323038353931306137336661353964376331
31383965633036303930383734643734346661323736336431373437376362323332633064663938
39613031383161666431363133373733643636323139356230633462653062363365653163663166
63663630386463353434316463333432363834303933353730353232363436353339353834353463
31623838336536333835326538323433363534613931353934353331623332363365323366303865
31356565616438626236333331346664343038323862303836353463376464636639636466363563
35333938653230353930616235323338633434613764356234373838623334393562353834336166
34396139343033343963366231316330353762613833323234363838613031633365336234306132
65663166356362316631653461626535316537336234616633316639663162373430303362653761
34656637343766643562373364663532663039393664353262396466613535336365393330303136
38373733383065326363343935643433663566303235356137353936333033343430653266383431
34636537333530363861376465366637343461376134663261333662663063643435356464376539
30336464323133616231333165316638363465353335626535366634303737653465323339653438
61666231343961353566386637333930386135353935396132336163636566353562653966636433
66343732376430313838313439393666333339646434373331653136636261666336623962373061
39363835336230643066396136633263323137336661666363323835376465343563336535353166
30303232393533303233643838636533363030653439653266333466363330616432396637386138
63376634666437633366666337326365373337383862616232363036656433666666386130633337
31613039333038396435623561643833643637343265396238613239353736373130616132353865
66323061616636313330313764316239373731643038366337323165343038353635653733386465
30326631656335343565303634396665626563656432393833613862663564346564656539613662
30343736383065383932323134356164386364666232306337643866646535326239346135643633
66333466333533356331656531383936663763366538643431663431666365356332636134393631
65323162323839383031363038663566636236313830376463643864346636336435653562383764
39633666633031386461323736623334323138666465343030333133313538353435646166346531
34613631353963663936373562666635303361313639396562383632313536643230383366653535
34303235323931343637633936643531366535633661633864303930393961626531393139323966
33633433616536316334333066363136343234343333303862666531363630623632386336653833
38653166373730636461666531653437633235376265333565393166343966366130333232356630
34653363636239643963616363396330366365393834636261363439326661353666383935643662
38326661623635386435373664323065313638363133346538326139356337633933303564346361
66623963643134623266643161333962396264303733313166303062313165623935623563383134
31666134333731613466316261336162393162613135666632346632346136396237336633376230
31383663313732643330623636376164336566376666343730656266646434656238623739653332
39393532623762356631643232353538343034373163613764613164336665343639396165306338
64323839386565623032306531613565623864623961613635333030363965363365616337613363
32653963613032343163343637653638633566623963623138353034323737353738343966373732
31396466613636663364633036633766396332323234373534346564323835383864356462313265
38333233333433663131623861643037323662363861363630333933303466333033363661363033
33313633633735633830373235663832353962313763326133353962393338303661633834373734
35393530323966336363623331326237643430306330306364653961306538613962393530626535
62653036393166366437346566333737356465623939636337643537323861386632343665643263
63383364336333393132623432383866373031646636313133356538613563356365613938306130
33383536613034373864636135343363326231643033333230666663396336633230366432393663
61653832613532323136656536656463346635316137323132643461663930353937653734316637
63316332353565373066396136363761343137323162333637636436303437313263343930383764
35393364653561343663656437353134366237656431303036613933373431616666363430653033
65363130313737626638373935646666383032663137636431643535376138646131653137623139
65303734343262323361333530656363303538643331613839393561383438376633363739353632
32373235353638323164316236306130366637653839643263643061623430613962303837616330
33333034313232383065353035366139303933636165326437333537623336333832326465303732
66333136666562383062383338633433396464306632633863356330626635623936636566663265
32663432343465363362366636306264633965383133376233376432656464343833393762666539
35666137333536323864646332363961366233633933373261396630616561333635613330386131
32316537313366316333626633616561386634336235643664376562646162323335643734663263
39303232323034313265613838376163636562303436613836396165396466643262326339656637
62356164383765643164626635336561373734383031373932653634373661363831306231336532
65663530376564633537353862636532643963336433373465623832336339346530323261386137
30356633613039613961616335373962656230393065653062306639353232316334396434313730
63333264373834353835323436393463316532386664656161613266386461366532633730633463
31613135613535653562653831666433386233666531373436306365376162623735396565373931
37613332633335333435343232353332393237333239623233666231666361323262346562393264
30643833623530383662356162653730303962313035653663313735623539613132383038633963
66336433343562393266616637326161363536653636316234303263373766323161333836353633
65323031623836613863356436663534383532633739366234396466356161303633373765613562
63656237386635613365353335356338623938616663646134396634376538613531386531396365
65366637636538303738336139303839363932623235653862316135383232336162373833666466
63306466373633373362313466653137336463313534623536383539323730333265666532373438
39343861326638396638303865643962616239626238343064336435643831613133663665633336
62333035373630386439373564386562653933633132356236363963356562623537306230336163
32303865643437336437336237396463613734623037636236623435616335653238373132386261
66313661353865636130386231373065383534633863653633653533646137343166393338376364
62613332613162666437656239613463343032616531323538646131373838353136303633653633
63383063663762663635626132653730386434643835336136363930633264316361343138303730
36663264356566666261353662373435636563636337643530643435386432633233393731386466
36343635336238393133383131306662323136613732336139356332653633393334313964313463
33656463323437636463656238336138653064623566376261346437363539303863646139326134
31393638376537653765323233303830636437666537383334376536366437343262303139313732
65323164633631383832333630303035383962303835313462626239636161636533653736656232
36616336623364316636373932373161626438633235333234313766333062656137626530353563
66663966643465323634373162643164383539356666656464376135393534313137363064393839
34646534323331613036626436643238653939623363666238636661366235343738303737643135
62383534373631633433653661326566613134313232363066353036343532363233656433663537
33623733626561396634653430653666626332656165623336323934643863366337353635323032
35376130663463343939663766363838616364643736363939323462323831656562613737646465
36393134366632303639303534386635373235323138363231613735633833323034306238333161
31363838383737303035313430346363316364646238643862353835313031373036613266623664
65623939663932393463636266386566633836303961376438316539396333373261383535363337
39653334303363373934633631623362363734393730366236316339643461393834623765363232
36623863373036333565366164373832303535386134636231316436373932633135353538383131
35333466373731623465656639613865353639343564663366353132356632356162316330323131
32346461316666663537393764643064343063373733313266383935323730393664353430356632
63623732306134393733353037623330623665343233346462306265636131366538343165366232
38636231376232383566666666376438653831313764373036656161666135666635656466333163
66376536373236373532643332323163323939323766323066373539376432656535633138343762
31656637653061363237623231326562393730666366316631313632663561303035353464313561
33313365383438373861333565646565333265663265653639636661636361313064333066623230
36353032393835366363383064353830393537323661353631333737626161326563386336306635
33633038353238326661633535306234303533303837373463626163343163626462363637643465
66346462336539323031343935653931363537386136643532623335343938353630636636393832
63343665383036306139383562623961643831303461646161643837323632363236383239373131
63353863646335376266623639376234666332346164636466336631333135323938613335336135
65336363323364636133363430666337643039373435313833633465316338643937366639666161
64616238613262663461373831363638353064636130333733323431373461313230633537646635
39343462646263363434373439323132336233366634353330663963323162383864646539313837
32356431303630366664383733663862653238613463333634386266616164346566316135383738
64373533363863653763623763633466323438636161306365366462333234393033363432396563
30363330326265663339363666303765333539656535336635323238373730613935666464366463
35333033316333386631323738383230633033643039613165383836666533636635313164383062
39353462313261643665326632633738613835353365653366613539623435376665303665366130
64613131343563323431306230613765376539383335303039623866323330303531613034643335
38396439666465633363643733353562333464356236323439363736613937333232663636383236
37653465633532626364333865313938626364346362303938386665393464313732313066666331
30316530656536643338356334336234313938663431646439663131323166353863633261613132
66343432366634346166613936656637373664373136643965613232616465383237373335636638
37343033326536353031366666383966303638303636333563396331643664346631333732333365
64353561623163396536393134363662383736346639613435643962373638376463353637623939
36373939353734623438646639653539363230343162663933323830313065333334623963346566
32653438326331643761373834326164343330353531616262396331663765326239633266613961
64333234623662356337343666656138613566343435623965326562323365336262366432373638
39373737616339333661326634353030643563666463656532323762356531363232373433353835
31366233396564353534353737653734623838653531653732656135346132366230363666616365
35643666356631623663626364663635393233356630366536636439643563613932613634326662
35393038633531313836666562333662393265643035383938363339373063643432616333613230
30323338643334303738636263353736646636313639373962303936613235613238313434393438
62313533303132613566666563306361663861653563316561356564333866366161396164376139
36336336343965356462353833666332356564616561333063323263316637366265333235383338
65303530633637393236636462633336333630333132393163386634323338356237333833653436
34633036383562656439393835646335373939346137663462333162313866333262383636363164
64333032636566323364626665623834623265623566303666616130333163666565653532653063
62343438336561626131653637303936633334373133376630316563646430303632313336316361
61333133396532393936306566643464353638633437353036353533383564323638326237633135
36303639396131626436323365323262343963626431383562313834653431663865626637313739
30636333306366393864653833363133653731343964323965333830333766386434666363333630
61343665663539633832613263396364643037356564363334383262303438646334353039663433
63376535383266316133653133623531643233313363376462343736666636323266306432666533
31653762616564326533616434363762666136653239316563643862666162623939396634626462
32666662336639666437646332613733613439646238353433386662333431323837356262613331
62343032646630613066633538323030616166623835383530653563323963343766343633363863
31663634613237336335316136356630303734386331396632343933383034363233353265303932
62393733633262393663633334616165393863393331303662393166396562633436623838666461
63616434376631663036373231656164363763616462303363336164343961663163343236633736
30316638393333623864633365613561303839626439346437353065643563643231616130363462
64353239353464383863376139313166353461303061353366663065663666623934373135666639
30336232336333373634643435353232316631623039646338383466393662323664353933336432
33376235653831613461326537353432376561326532306261663363393432656132313335353631
39343065336662636534636135633437323865343165343137363132303934313665353639353661
63653937356137343432326163363532313461373266313031616137353930333938653564343132
65653530313839363232666230633531653634353430343064383161363066363530623331376639
36356432363730656231376235373736616462306563623137323835386163343036626237306666
34356434393732626135663134626165656633363931626566636665376362646231306338663037
63333666663438323764613035663431343732363532353837663731636330616337373263623930
39343138303431363830326133616535613066623731623337303031623539653735336331396130
64343330666264333562663466666263336166643764313863616337613563636361383831343561
65663366336338626130343239376135326664343737323531303331633531363061333934333063
31363462383262346232643635396333323033326462313431663531646233656230656464343832
63663865633665383231316536616530316166626261363266626531666462383637333165333262
33393661363461303438653933623562376439366566316639386437306361333233313530373536
64646630313236623061336264323234336230653235633133346332353433316566626331323034
35656465616161306333393731346437636365303366373764313735613765363066653230616164
62323565376661633436326565383036306131663735616333306465616362393937313264643135
32663733346537303333643233653037323831343466616239343731316263613539613839646534
63373731353337373563346132363736366433306663373434616338613861336165653031613561
62313065333061313661343639323437353534333631636565633064396565303432333631323539
31323434616238323065633962336534303361653362656265336361376236633561343661633932
63353830656538393864653834613736323861346633663463646337666535353630653633323538
38633037323037353434346265373963613033633964653939343032326161643763353361623739
62363739663765313635656330333334626665366534666166366663303335316266343463623137
35356564336635343638383835343435393638376235303933666634336434313035376539663137
38313930656639326633613534346232376438643136313162633037346162363361626239313032
31633564623365346530366562386661303166333135316637386438336437663137636639646464
65346330366237323961636231653461396266623636616563633232353765383465653638343639
35323237326266323837363062643534396233316364323030623166393461346166643366386337
62366138363635613431386438653236323231396537393362393135366635643639666337376663
63383563353635366239333065306563666661393533303231633261333064383730616534363133
39613834343438336466333932396235383537623965663861633436326237643963306262303736
30623935313137633630633364363330323239623833306630343064333931623634386538316435
36313235326137373366316430326336666331303461633863366166383366663963636434303131
36373539373137326632653061653338636337653439643337646162313664613762366264326366
32363563653431613738653065323139653735323338303363643561386139313965633636613333
31373539663438653438383538376235393866323564336361663433623264353638316339326365
37636465343263383235393963313334393239353535366435313337343864613630393934363530
35386333656662306634623165663138633230626338643839313163303333336432636530646635
62643163663932613664373336376430666366383336633437613632336163646636353738376531
34653664633163633737383239663261313764306137303634656433633536313535383535326463
39386131653733303435386635393239313366373165306535346536613431333162623338353765
32656633393838393030653965393538623038346433393166303739353965353963376563323137
66626236383131393538346362393435396538336530343533346531373939356139646665646137
33633635333065343137643230616333366636316437306265343236653032393164313430366162
38373963303034353932636336353564323939326363386238303665656130656562363933323166
65323061313863613734363333663032613033393632353139616631393337633435656339383466
64333938643734623232393061396332333761333337653430333437663035666339353635303861
37373961333962366565663037613564613365336262306662386366333264613631366233353130
33323835336566363465353861393538656435316435633439306261376631383138666263623530
36373065633564633930346234363631613933313233656637613836643235306261616637653462
65656333336530376539613034383335636330346537623233643739313261303261663434326166
61316538343438313936376164363130306132363038363266316232656230353332363832303339
36376662303235303330663531623833363036316130366466333735613461653165656239373732
61383635353162613262363063366361333234646432643031613936333662626534363634346366
30613739656463376239323465326664336530323461633031313261353132323161303465666261
35373436363837383065356166393636373864316262646364393363316563643538646132633935
30353762636336363536313436616161303864633266366466616162326164376136643465386465
61663961393462363365383064643238346565323833383134373831383330376164323439373439
61616139306462613836656134316130386236366466323934383833663735373331653965346132
30616635636231393036313432373362346135313966613233666366646630373437366132353632
33303934336565323564616332623334303764383766393235313464386433386330336562333563
39633230653061316462663638613537646437323732666561373238643561366331613233663864
33666665343638353232353865616466636230656635316435313830376461616663373334663265
65666364666139373130623038323164303962313963333830366539366464613166656434313739
63633932633335343962663763333535333834333566356338373538343966623834653939373534
39393165383137356466353762323964643261373739376563613466626639383232356665343134
65623932363932633133366136393266643536336634303639303132326637366565633066386462
33373932326163366639303034353935616564386131313762663239636235643430613763646463
61626337626438323064633634666331316333363531633562353732386366366464636466366133
32623034306266333864333436393130313463323032396332346138323733653434623736643864
62623038373661646161313432623636363163663439343032373466393032636239623066653838
65333765356563643730366339356137316666663666393934643536646463303338646635373234
35373333646334663130336234613166313866363566326230303631306235656139363666323531
38643065323861656235323065366562633433616632633733656130303962663430326161663433
65393935326133643263386330346238343131313831346531633765316436386232363766323939
30643730316265383431333335626630313834346234326165356232613662333036616263653434
35336130616338616531346463306263386331663462616532373738303439363263613036623339
33663632613330643765353232393961386233383231373339666562623839303735633661643065
30303365623934363564396630323964373336333938396565366365393432376135663437343261
62376561646530656532386262636465353930373065616134663838616235623564376562346163
63663165343961333966653864313363323161393136366161656162386333376632643062323463
63383138663933343335306163313136386531373664396435306636613834353234383530653263
37646539326666613931323832356163633138633066633239363436623964343961333834613436
36303365343038313462663363306137313032663864643638386430313461613765333937343338
63613730363035366366623465633232623430396437363361366665633834326231363239343630
36623536663861363064663537353330633533356534656164376238626364303865343533623662
65313466323735333061646664363233343039303634346564636562666634633562376533336338
66623330643364636532323038323462373936373038323736386334383439366563613332306439
39663531613765326637613562313739313738386430643964656466333230613932393739363565
30396264623938343662323533303733346439353530336234633166303161306538626631303331
33633037363330356464323538663864323539363562323562343136663261386466386639346433
33366631383336313036666438646530393837616664346330613135333866396532666539376437
62646433376237373132616462356434653366643533653666656561663535613837643336336431
30353164633363643239363562353330323838626164336137656164313938346531386339623161
61393230366466616438636232383432336138323863303733336463323033333735356161363066
66633538663765646665643363633733633430326637323162653630646132353561316436363138
30616139306136303439656332323339346137343861626635613630653038623235393432323231
66393132383635393462333630343263303930636138323936646533333333303935353033393035
38343666626330623465313335343564303637353061333464396532383565303739356230376538
31653436616631326364353363376263633636616330626331306462303735633930336432643838
35623362383665646565383566303561616337356238316234366262663432383230373765326631
63613338323762376663393738346230383131656563333863643739333930333538666132666662
32376233373764666437616539373833373762343633313562343762656539356434346161666431
30643536383331383735393162363633303862303234313965653530393037623630336633626166
35386563376162616430623735376433326261623466376439343233396436373361336235633765
66663533303536353434643832396565303732653530343963616361663831306162366261336638
31313434396432633764656639363962366630653637613532333064643261646336396366643332
66646432663636643835356236616136613235643937386636333731356566653037626662326364
33333063376563363966396338306466333430353038333437663531636263643036636464393164
64616261373363366231313433616138313638623035363334363433626665633335613138623363
39333534623834313031353838353636376136323965363533386263373334386131613564383736
37646361343931313363663565353739326231643837376534326433643937316562636235373435
38663065393763613632303664363861666238393930366138663436653539383838626162316130
66373461663463386635303537616164366633346164366634393136383061333063653264646431
65383830386666363763356539316533316362613436633239373035376666366464366134616237
33363461353465346338373936333164393231306335343233383766646633333262306365393761
66383937323565643961393463306635373031393266633665323831356236636637663638326237
30616239303137663533613765653437623762646633363733346232386339623161336230383934
34643832626162396465363737353339346364393161313166316436393766643935643431313762
64656230356234333039373265323539646630356639616636323766383138623739636466373431
34316666613733656630626332356464383334663965303237653465333634353138336264666662
63346638316230333463323862623730363634386632623839306364396166613439656639333265
34393134373731616236323934313939313538633232326437613561636661303330656463393861
38346538653565366533386639346637353938373339313039306436663632313033303039313137
39316664643639663336363263306562386132303239373534616437386130356662353734393761
38393262623931346238306634366566303130313738326435343339633634353462623265663462
33666436376265303965313732666662373163363333626261643664666332316531396630353638
36386237633238366334353066316166343339376438383837613834306433643664623566633730
39323863353533386261313665636533613861393962353339346161623964373761373164663530
37353737613666313932366635653733646537613935363932656432623137393636306665663664
65323435326138353335656332613337613933333361353037353039366633633633386362343831
64646539656134363861343637323038623561613161323861303566303831373135656635633031
37393537633139633630616331326139623834643565323133363531313237353433356638323139
35656133303535666437353361336138663432623335353337303465636436623464356261386439
32636631363833306132643864666362613632353133663336643036653662343635643863376266
63376661666631303365613230363839356234343833653338326237666663353264303835623630
61356261326564396364323937323439653262633361623738383637353262303139306163376239
37623064373536353034626136656530643731353563666539303932666332373230623135303165
36336563316137666432313432623962663665663634653830646564333962643332323034653332
66396461373635313938343330616532626261626635336162646134363234313737663437366531
63333639353364316132313030313964633765663931326231643464353835393361373135333064
31393030323538383035643464343161656461346363633932333464353435366561336539366563
63326463303964396630653265303461383266303431313935323439633135623661366163633132
61656462386133353234386136373336383438633866656330326134343836316665313838356431
62636538643862323264333539313062363162343832633838643762333439373063656661303433
36623431633238313765313638393035636437623364386137303262316161353466323862613034
34666235333136643665383632366333323531623561643331356536373430366431646436666363
37333766306666656634653532643338306362336337333631653932666364323761373533623033
61303336313035363163623330663734356431323538333561653332353065303030623863333137
63336637663434363761373761343865343130666364353231366161623365346334643563643534
63633031346438303838663836313530633663366239336430616138323864353761626264363333
36623732383338626263346334303738366433373730363439353562626565356631393032623836
34353464626433386332333331316263373461303164666337343965303366663938373832326233
64323065333061376664613334346334343239333432333434366336306630303233316537323963
35656436663939653934656362383533313934646237623063323032366262353363326365366137
32356335636361626633316535306366643661363361343035346231653364623962623733666133
38333634633230643233353965386338656131376234376137616434633934656639633264393539
38613361343537363465643832326262323063613863653163303530313366636363646661383763
34376239643961333535346135333831333330366566653464643965663331363265643764346666
37393436633166306439356234386564633930326337343463313839313836373761656236373232
38663539306634356466633062363862343666336139333762616139623463663034303337316362
65623637643463633332646239663464356436366664353039616262616336613361663437653839
38303439333531633665623834356161333235373737376331623065366264336262333937633639
36326632626439316330386233333561626463633964626464306337363466613634386332313465
66366530343331643961623362653936313364653930623763326330356331636266306561303133
65623938366364663662666233323166376563653464626238376563336437393834303030306439
65663431393965373932363562663661326666626165383032653966663934346161656662376232
37643565646335343265316263323866386433316432313030353162323063313633626638303932
34383736656161656664323532306534343734383065636562343265383931656534623065376334
39623239363331663433633632663733303832626131376566626632656130363263316434326639
38353239643037356236343333333538356462646464646165356536356439353161326137663435
66653534653964306230353530393136666664626662373432336534373739653037336466363939
31323538653431373365383861306330656431633431623361383564666133633033333134363036
32383064616661656562636661666232303766313436633533323534643661623031666332363136
65386338633763383866653164616439373333613534333537353036646335303737333131323330
39353338653936333262646266353661336264336462383464393331386232663134343862626632
39633535313265383561613435666639636530353731326535303238636562646435396534653833
35373630656664333862376236303833306531323863623839626532366335346263386432313863
30626463636665636134616531356438363264316661386163386666643165616262663138343130
63306638646533663136386634623736366136363034386338333162633666666239363631393764
36346231643865326563386330316139666634373663363536636665306137323264643738643361
35613736326333663262613339363236353661396335623832346339376562343933373838343033
35303930623235353665373130346464303661666364383638646335626335353838376632356437
38333234316134663833346536313163383030636634663265656339383034386636633433326261
63626432323461383236663762363633633532646232303463303533323365333666653833396635
66386464316465373538383761363161396565316563623836363339393939633865313363653863
33373864353630316361386534323936393435363230643065323561616566316364343966316666
30666161623230356166633338373863356565646630623835643435656331656466333061313034
62363664363538383861323131393164323330616339666438323338643865643461636164613635
61643066643134623864626332363765363439643566303463383938323566303532303431326237
61633032303833333939373136343065343531363263363665663661313665303831353862666335
66383733653665613764386138653836326262323735666264346433366236383464363238343833
62366331653730393730356639346462393564393831613730306635656333356339326362623639
34666132613135643162626265393861356166306633633461633662313538333666643031646439
62356464616662636633353033386331663233376463343539346230336238373531623666366131
65323838326632356463373965326536343364323265333736376635646266343539366261306262
36346639656432303236656434646330646330386633323639383430383832663666356238356364
39623937353938393432316438663866653864633032336233343535363536616537333261623962
65366530306439643865636231306665303563636234356231376537393831333237623966653161
65386464353030316662663762623139623964303432656165386136323039303133303933313465
30376163386561623030313061356363376636633566393632356663353462383634343366353634
63643564386339366231393038663362663062336663636137633363393864336436623664623339
34303830626236633863663362393030633764653133313834663430613266383932613162623938
65373935313438306231633932393835666466363939653937343433386164376234373262353563
66353730386435613036323330656561306366303962343039643538303564656330383236623931
66336637333364653865336564656439636461663938333962653934393938373639366636643430
34666533333537623965626532393561636364633864393561383666316336356363323663383733
30316265646632303834353435666466353330343563313832626134393564633065373831386237
64366130373265623135306534323765383031343038346536663764343938326435353566636439
65343962393133373861323339626262656332646139303065373665666530346332316161333635
30353532623463343736343037613164613461313839383437393230363131356535353464353062
61306335336533663238353530663330313630336234333861633534633032386238373331636633
32663961623237306433663562313966653139653732323635326138303037326131373366383634
64646263353535333131396331616333356436326135366664616539316438656234373063376662
34383534323163613862353030656635633762313564653564623865396162663131303036333733
38363334303238383039376230613263386434633934393637323563643031316162363931356231
62386566626263373461613337383466363439343236353035666236343531336165386562663230
63653865386361336637393366313136663438643866343132623161303061663162616637303338
62303834306338343964386430386263613062313063323135373764313130656632336131383431
65306662373363343661663732343336346536323435356261343135666538316434333535346332
61626264623339396631346361643434666537646566353338656166653237323438643139626639
35353035626238613630323231653432383137303634386535313863326463653832623130316265
65316338393965386261393265376333643062623131303334396163316564303865633962356439
35613134623138333039663663343936366536313666656531346563333439616536356436636330
65373337373961313962393330353262616133356537323139373136393834383339373231373261
33313734376136353938343664666435313436353232393137643132663462336561303039643336
37343265383633373066363935303233633063643834656262376665353931353732613833663832
33326434396363383235366164313030653264656166333638643530333163646536366334303337
36616362336366383139343564623930613262313665363065623633313362316664623261613035
35653331643730353330663839643866663739373331613961323932653937333936343733636136
65633363326563303437616664373530343230633233646639313061623133373164393730333933
64373035393736626265663639363536633763316139366566383831666237383763303664396265
30333239336164636430323032646635373136626438353761306364383062653030616635626234
34383933613534613933386236343066393365346337626365313838323561333230343932386561
39303938626663626130313934633361393933666238383230383036326462376533356362353565
30373563363264643963363431656336653938326137666332663131643833366139303730333531
63366131643736393163363934623837343630643139653164313738323736643364393935663531
33376161643231636332323761656435656665626339303733616165326536646533326139393464
30316237613935313038306637353531353730643238363764613333303432366439393235323732
37346361623532386163626631373661323031626630663361663032633162363538633966643732
62663731613935643561316564353932376263376230353530346130663563636433373162356230
61336331303931366338663739393166376332343334666135356335323863323536386336666632
62623866383733376465333563313338383834623163643936356664346238613661666664636462
63313338376338323161346563653164623964363636313937653965383265316337663431613864
38643636356466383766356166623564623930393932353038623038306266343761383235363961
64643331643861303038326338303835663432646330336636663261323332303634613938613733
35326336623136366466343236343161303637303065343063663864386136306261616464643334
34336161366539346239623130306431356661383063396231663464316263353036643562343733
38613132643231646539383262646532623438653462363138636632316239303633373464313732
39386563653635303363343363333637326235306235303731643333343463616234313265653439
36353934396363333466326134653961313166643130373834633131376265666530636432346636
31646237336530333561396637663539346237343162626262613161633633373435613462643735
64343565363538623634383037383765336464366132336435313062383034626236393965343966
63386565316661356463383037653066316662336262393130373339336566393434343634376366
34343364663831346434386331353266303539653139336632316431306433666633616662623632
33376639363037623165383361613237363065666431396439613761326236623661336665316131
64626461633639376561333765363862666639363131346138383430346432656636633632346537
63393261383666663936303163383261633264396564333461356433643534373761393736663032
65663262373132366236306361323466396635666230616566616564386239623632643165323534
35393135646136376337616135613035663431613335653335303334306636373239633963336231
65643632623738353162633836623437663533376633363138356666363032323965323765356663
31323065633963373038633135373534373866346430636135376531636634393633633130623634
36343336376133396636666637366264366265313761336561306632326266383632646632353335
30613735623737303531353562386134353463653661613537373236396564396234343731663935
35303865383362313965343133376363353061313235386366626236323539323539333432313636
61393237326466353330643632373339383933353933636463623635623832346632313735653439
62313036376361366162336638636465613062636631373337333433346137396161336536666431
61373665666632316230373539363237666235623135316162376462353564313466393231666663
31333639636634353866613930356536613130386636386665653761396463623833383137336662
65656362633738343535303263316164643862383139646331343139663065316564366430343538
37303837333935623231636636393138666430636333386361366536613366383038383138623562
63663639373564353138323231303439323636623536373030663832643232313161613966336636
61636630626166353937663436643562363130386439303032343333653763393265323637393334
66613462663335643461646339386131333861363035356633356236336534313930323065396134
34316363383335653266346531643133383932353165396461626266343735366437373664316231
63383637653161656566306361663763343735316265616234386539643261363236386565663936
32643934326332323334613763643165353736346339313232633032373639313666353861303330
65303834613462656637626363326662643466616563383037306533396161623334663234383463
32316265343637623265366531316164303961333365376339323331666265383664306162323536
61656634373336346266653137626562376332373730646364656434636133363439356662386338
61313835313666363437383762373965396366643666373366633461373762313461653061376431
33323634366237363934313263643462373962613835333862326565656533343963393534336130
31663463613763656165656535313037366338653832636664383562303736633535316634383230
63323932326164323963386236356136353237656563613434326332636162663237646261653465
66383863653433636661356235383131643035393535646461383737623930353737616665353861
39393131613032623762643634613037356361633436383337323035613335383262633465623038
38616534323230633465626132663236303735303038653164383664663066393437303731623233
30356663656465383165353262373031373638383061373939663162373033323864383266306231
61643063623039386135363365613165653839646534643832323632333662373639373765396230
35643464663636613732393266383561383332306164653531316164346436303563396238396133
66633535326664623666633636383165666139363961363737373164393133333436613262313132
62373135613537336137646137633234386364373362653536333631636161323235396233353539
37643932316439613339363536393833373864353566306136633762373731646137346339613531
62666165306661623163663832663435323365626230363934336566393735613930663733356365
37306331316231623932333236386430636238626539306332393766643033643534616139386530
34333234623264383531316665376639316662646631366563396237303333613061653736323738
39653731303335386566613837383734653339383964653230323333613465333962363063643835
61653463363733306364343266376332396632333031346333323164616436653232396136386438
62666566373232623934626238363138373233376430373937326332333336646132643936336135
39653636353331656330343033396338643565396439393764326566643436333733656336376363
35653931303665643337313564626638646265396164353562373830613964326531623533336535
65353533356138363862316639363634393865393339303739326635616337366131383533386336
61326337306337363934323330633431313766363331613666333461326538303565373364336239
37363536316464363239376437653762393066356164636434316433346336306136646365376164
31306634363239616439316533633036336138353761393465633736643331616637356533373365
64633563393363343864333432356465306336653138616266346433333662646634303738393631
63623366376135303365373961393164363763353637626662376231346232616338613662356235
32616237663937666566653538313665326335643862336438653032613637303136303735386666
32346364333532333461366635383338396137656138626566646639376530393635303335326466
35313335343835386364613465333363366130323863363065343661346335386461343339373638
65626361643964323463326335396331616131366662356563663364623632656661376634373365
32626336656130653565636230636536366363353132326131623331383431643137306139633930
62633536356664373066346464363565643733326238323238636363363532613035616633396638
37356164363031323661623637343066656366373762323334366665613733646637363633376666
31326266346563613231323937666339383333626435373337353933333034346137646332653830
32393765376538376331613536666662653565393339613735616330653737366332336236656230
36653033656630353563616533386338623965386634613264313666666336303464346238353039
39313138393533653139623331393734316435393761653335646337343537353866313564643437
36666665306530346638653863323165363733313362626361663630366165393635323039656561
30646239336436386233303933386635313333303938626261323238663333613039376162363032
62653239643637336166323035333732373436326133383637303066663635623738626562343564
31303432323338663030363139643530623938343738316565366237616164373863646234363566
63633932383166323731336363383035303737613136643235363831623738303737376533323139
64363439313036336661653061363062303932383161643135663564613665656663346562343633
61383632663661656434383930363866623762613630353037633364663131343765306235333936
31626266626636366366343664613438386531623734366237366130393261313633386234653234
32356261343137343131356435323864393832383334666639613264363164663762363635666466
62356661376466376561396436663261313463326236383939373564353462303363373230663731
34626236636538363866613432663234383233386537326238353838366437636665356661656537
39366237376565383465643766346639366131356464633438336463656339343230313765323766
36356431643464343336363436643765613538626266396531626433653839333232323563383864
33323565333366393264666363336162626361336464643835366232376339326363643033663138
66636130623536363532323837656235626463316564643830663135356234643564636639323365
39333066363935396566623137353036633136633063633938336466616338633637616664333638
61353237343966613038393133333736663261653564643965663764363938366266653231393363
36346631623031643034333764393962666533333234316662363165646133623539643238626266
34313933646538353436623335313231633362353865656462393732313530623130636132333738
38343034383434313562363962636332336430646166373139366464656663663639306561303338
37393633303134383736613739643762323434383432323464663137373330323263613530383661
34626663343733346635323034363264636431363463656534326466363866616163316232636238
63623037373535613636623030616537323162663134373162306432633634303335366639366465
63383861626663353764393262656436326364306562663736663935323437386433323564613433
66623766343730646566373431616664613531333538386236353838343162366436623965626133
33613263316432643264356664356236386432393432616330613532376331383930323530623862
63333463643061663833613137663466353236383835386634646437336161336433643165646131
35343465316130336237623431366137373738366363323263386535353335393239376531306435
66396532393033393735386236353039323262353862303632393131636631313735363931663936
66326666613036643634386539346639646137363838366131653134653935313633626163656463
61396663313536346435323561643662643266383336393034636433616431666331343333626536
66313831313639353739333639373036313866646362393563346364383534616330613338333039
31653061313766343734366564373634303365306232653939346235653739623562303865393263
63313863393835353135383262386533613861613738373661326238663936303437623364346536
62313432353038326462633738386437376364633131343936343232336435303638366437373930
65383535383730376336616264343562626462643732633130633935626533383430613461373264
38343230613863363232396165383261663635353865333265646538333838376130656566343134
39326432373963363564353635373665623635656535666233643736353765346538336636323562
34313933303630376663633863343866643839626366316463306232303762336562643134646266
65643033386634376137306163313039366361393439656634316332623231663164313262653765
39373339373262326666643033623236613035373139636433353832626635633039316434306561
63383662353766313662343733323236393439353530323766623330323031653164386662393362
35623465396632343238613561336539333064663739396636396366383063373539656136623436
31363038613538373430346361616231633334306630663761643564623131653538313430386238
65336635653139623163356331323764333831373136333132393566303236663361303063383934
66356637653863656261363665396565383166306362653932646366653365613934323432333938
34653233313437343138343533356134306530396466613030396339373835386637386236303836
33623662663763356566373530656431356532653238613931353035623936333763656166633130
39383364636238373463323763373565373536653532616463653733653166346664643836323535
37376231663266363666333330393565656235373930316262366230633837363637323461666432
32303763343339366363643065653762636432653930666431616266383663396636386266666338
64336632386439336361623236353638373063336536346330353064363561643565623239643233
30613366343036393635356132653538303663376230303566323133303265316164663634656536
37383565366161316531373335353533316366383265393533626135663964366661393238633762
64326634623462353764656537386236326137333435633430393161353337333536623330373931
38363335383165633265323335616231396535633730313237373934363338636631333030366630
30323464313634383238396234323538383731366138306130373961663237336265326130663435
35306534636162353532323061633638343566356432623061393865626638303730643035356561
33633338343835313131366161623633396363343034373066646264653966353336323265663537
37656230346165353761333464383936356536613638653830373232626433303938323261363531
61643435613037303866326532383362306531393631383966666233386538653066323338316435
35303236373938363435383338666234373339363763303130336136336631303736663533613830
39383134633530353930333134383937656435386666373838393865666562653561373635643066
64343332633365633638653164333861316138333337333433326534386132666638306565633764
63616336613061366230663530643138666139393131643062363932666333366535393232356537
62613231636266313661633434393063616638653536383666333832373735316135333839363537
64643961356631366639363332633262663735363637636438646634366165616661396637316134
39373562666531636138346561313533356535396139346536626636353439343162613732333961
38316430316632633330633866383132353666373331626334636634653236643132663332626261
35623338346331336230346365306165366162366533373633396566343730616263343137386632
33653330643731306231653437363131613936323965326632646333316233653232303436303637
31356366316236303863363639623832366337313630643135336135616330623734663962346631
35303061633238363930636331323937383265353033393033656365366261343533343639663465
31393434363036363363386465373532316532366462623838313133373738356333383065633133
35386132616430333761313765626165363533396532653663643563323332626261396433386634
62363562656430613639353862396531316332666136633266623964653932323361623539386232
38626236313261373631356638393737303138383631633865653838656461393331613939386135
36343132623964346530323236633365613337393864316162626435636664666232643637343163
38636462373334303130306264663762393265636139383665623234653532633562323063653634
65386438666565353939313861363532633133643761386365656537323065323438383938303936
38376565363432653065313039313532386435636633373433333031343464626361613033623332
31393464303862383837343834633163346337666462643765636538333538623037376263393632
31373031333834356235393366643363616363636561396335343861373638303836643665356433
35653335623632663162613037313930666663343537336564626162386565316665653836653433
65343266373663313439666534616536316131656463653866626437323838326164363662333234
30303662356234656439653737373663623532643166613537653236333930393064323032366638
32643836313863613639643762303035363634653333313364326330333730363731323163646363
65323364656135636237373464383862663965373163316365303339383561336262656366336232
36316662333936396530626232636539373731636235313366643936636665633736376365623431
38366465326235373139393336616338376662643165383138633136323937333766386537386362
32326563363432656361363265393339646562656264366431353535336530323139306264663730
39633136326263316334303831636462343666306361323963623435636164313630393061633030
36663331333436636165333564343833623436353565663936653536386630393338633265653237
65303664636134666262396237343564613064393634356463306266353730653436653035303234
31643733363833356436313766623031366636653835663539393164613034303838626636646537
61623836646462376437353431313737356232383763646235653332333065666362356663303235
38383036653236323464363063323838353439333862626336353636316163633162353166333732
66366466393063386562636366633463326232316666616632623138613565336365646335613439
31323335633936353164616461626239386365333162363532623436376239626562333136656334
38613034646432336534376633613332333134646430326434343332306163643433323364333433
63343830346663613461303564623834336364613639323036343664646338353333656131376234
66373232643965643931363462363439636330313963346363383966383466643130653437343435
61323532333733346331396565316563313039363837343733626432353533353133383537356135
36653132613339343864633134623533343932393237613061653138373761353032323033303533
64373032343231663663393632616265383963303665316461363435333866633861666237303937
64336162366164633562336666613962333065363539363566336233393236613131303236323366
30353561326366336335363562656265653636663263326463623764633831646466633637623738
30376566303163656439653038346630316339373232666139316336316631356639336638323031
37333935393033303866633163323434306633643263646430336534653562353633383631336132
36353938363539393132353737346235623737313437396166396461626334653839303165373631
32393132643164656634356334323738323337313866333736346639386437633666616437646434
65333435376238383038636165616136303936363865623639386438653461616362633038633336
64656437343733373632363631313833636230393537663130323639656163376135613538613637
30366661336264326164303865383464353132393839336534343235316138373864643461666561
64613031356436383064616631663663343530333434323761646364666461333933313839306265
64306565316662373335363362333530303938653065613831343935326135373138333033353837
61366231646232363435303038646261343435663632346133373836633730383433383465663632
31636330333466633134393365386661636266346161656636333332623836646434633333336662
32656363656464313763323232636235396131386638653733373563313035303333366634366336
36303436633563393935363838653634613732366430336233376366316339376335623361376663
30386363656361363363373037303235393637326237386139343565376334346363363136356238
30353262653266303034613265373064363164373639613532376563363732306130303163633937
31386466343037616437303833316564396639633635393330626666386362386439663364396437
30306561616631393434633665656134386234366339666266636535323834393665373966393664
39343439613337343766663336633839313562613632386432636664613938633164326236353964
64323733363533386236363965373431643839663938666465336464356633306232626536313261
656537363333303264623030323638633365
