$ANSIBLE_VAULT;1.1;AES256
35383262326635393132656666313130613831383035663464326239383235333561636139343063
3936626638366263666366316635633162393965663465310a376562316361336531666334613637
66336638346532373862316262306639363061626261663936653839613062626536353034623739
3337363464363131390a373961333039393032393534323031613862633266376165643033366562
31373163356564626138366565316434636437623133326539353537343766393365656162326333
35313563333965613366613366613636656262363635613065663338396533656164643939313931
39396465626564303036346564313630343632333534633762393138386561333335613761363364
34373135356135363333323566356435633963363237326364343037363764373535353061346462
63363035636430323761346633613032633336303738396434643632633439666665613330643239
66313062336463633533666661343866613632316535393662333530333561316233626636623438
31396232396232373738633333663034353439356130363964653434306463313234306132626266
31633833346639666239326135646539393936323338366366303763386539333462343935373238
30613034373833666130386666343262393966363664336231323730333338383035646165343536
35316638666232636466366333346536656661333238323837313831323064616639376364633636
35646330653066313630323833393532626437633662613163666530346534363236336530306636
61633661653861333635646231336239313730656139323732396634616234373934346639336130
35313539303637343039323163333761346133666137366663346439363738313833616133333730
62353063363632363538383062376464356331323434346432343038383266366661333965366262
63303833633963313164656661363964383464653832313434376439356137373031653839343936
37343832303332636431653633343531623938656264383036663139376333333965343564643365
33626565666237356530326531326365353833323565333632396338363438353330396234666337
65643336376238303132326235376433306365353733366364376164323863623332313332613638
64316331626463373330313333306636326261633664396463373633323733643533656465393832
32633930653633633332383438323862336266643563346238333261396566633232633832326636
63343565636135653135376336643066313638393463633137643163306638306639613935303165
31393934663561633963643164346333343865666635626565666165323638376238643439323733
38346131623531616136363466396165623634323737666465666133633566633836336231323031
30343831313736666336366534376337623233626437316635386465336663306439396131626239
38653361643032343330393861306437306165333632626334393735346230626161316533313065
36353933613133626633386362623265653061663738333632613562346563373939656436336437
63323862613234663461323735653334316637636337323062336366366130356234626630323563
37613232646232636438303732643434343833666633346334323039356161316336323662336537
31646531613437386332336539366464323764663533313862343131356236333833373261323661
38383439323636343430313432346138393431666561316135663161623634313630613538363338
63336161653166343761363866373039366531326634616230376265393532373332636239656431
62363939343232353461366265313065313431363661383137633136373332383734316630343533
36326462666537313431386139393937613965613865336566626661383437356365363863653562
33386335396236623936623036653331393432636130663966336337373032326339643337306565
30656238613063623863613766633766646465343834326137323939353038336236393765633965
34356331333266613932383838623836616232363065656333356363373333313137663039376438
36353965663136386632383362373237396335343461366535386234373632656234353137313161
62326637303238343261383165353339356264646261633535383330323134336433643534333963
30313637663534393761303936343838373438623938663063323064333839373366623361316664
64616239376466666631313964313232336335626532656638626236333235313132666136653533
36366531633039393861646131393039336636663061373832313730303536636137353739323031
61326264646636656663343034626434633465363331656461323635343064363733616139383437
64356633363464323963393439663637396565623962383633653230336462656130616534663563
65373537363235326539393834333465663933646665383763343561626337313061613566343331
33666539373438343966636238326463323031623166663039393166346430343462356337613732
33363761326634386538656239383035363664363363343131356339303564653062626232373364
30393737363931376161373033346133393239656537623063323136663131653862383366383630
63393839393835353365663138346135623338313932323362383038356231333237663936646436
39316164386435663234633862636336373663666239626339333263393635346266353636383037
39613432613663313237656365616433386362653566613230666630373765623363343738343539
38613562386533363133323366626633663562343230636663353235393863323131316635343861
30383661663961363336373738356237393861303638626438616463623635653131646261623233
62666336663437613039313732353835333166326461363132626233363839353939323837313238
63643330303062626539623530343530373332643266333136303863313133623663393832346635
36646664366433373765636638323031623265633930643762326137363231626531333462663565
36633766366661303234353135656137616530633238663035336266616332376166363035316137
62373333646261306439633462356632613737666662653863373461373963356639313631333138
34653364393163613166306566326331633838323662303739303564613336653561616432626238
30346438363662396164343130386436666639613333356135653264343535643735303666656630
61613433386265666534386234656164313736336361343363643637623563323237383531363239
64613333636333306135333966643539366339633566656630396634656333643739663630623837
30313331336231646561336535633136656661626163656134623162636138613931366431373962
39626637316363333335663861313139653830646535343030383163663836343638656630356230
37313639656163356666343131353338386332383237376136663432393163363162356162396534
31633266346235663339343733366462376364303061353264323037383934373766373566643830
31306466323836326238326566326331613332626262353264373736646465333562646236303766
36323730323862306262383438346131626333356338663937393031353733663730656635353663
34616365383736636337326636383165646461626265613862336337623865393133373938353063
32306239396264653461616430343430633039616633353163613335323033353865376332666538
39313831343365626432383264363838346631336166626662363264643466386163306531333962
33306665666462396365376233376638626362396632393437353161303739373733616163333533
65396637306334303732613839633731396362366661643233353762336234313232393365303933
30666630643335623938646366366164363034303463313461303434623534303338643936343839
35303164613830323036313964333430363134366637386538363830653733383237626563356138
64613037633462653637333831376138613836343831343839386631333965633539366133326230
34356636303635303261326634343764383930363436336439363733666234353733353533613765
39616661313362636336313932373533383830393466383833333131636535643735653763386235
30663761393737313839393230333561373964346666626466353139303165656463323135363161
39396633383362323237613332633562666631333935636234656563346534626465353630666333
30306564353463626336393065363034373734363032373735353538393562633464376631303636
37323962613331643132643935626130633233316665376233646164633162393634653766666632
36393837313264633261656665303236306131613239363963393563666238353864306261333532
62346434396432363931633362626334313232373564303266623737613337326634623335656633
62646437323639373633303631666165386237376434323531653138363430313931326264323537
64306463663062663835663735316138343538656136366631336265393663333030333361373862
32333061353864643462303037656237626463313465373264646634326630313338303435633664
32653937613633613034623264363132303331393930343530393237316264366363633266623636
36353566656137633637306135656633323961646231323362313732623930343731626235323966
63383135353538636663353735336132303764616464646431396164616363376438346561643736
34363333333632656439633962376532386365616662643230393737393362306235316433376166
643061346334333463643930303334396661
