$ANSIBLE_VAULT;1.1;AES256
66376631306138666662356134663939616338323961383237323639666664303833376232653232
6135366434613164626465326631326561666238666638300a383338613438316265643332343836
61373664386132393762333033666263633162353064633130636534336133633363326234383137
3139346331626330630a633738653939646634376637626531373564323736376163353636623432
65313964383936653633353935383533363066353932356638316430666136376263373830346139
31623333303339366637616335646438343262366664656437353563353261306136336236373133
31363935633336353234303034343063306139393038343837346561303131316665383734636339
65323036373739376630353962333639643861303736613637366566353962323937643932346466
63306635353062613266633630656131333464633938383137353438383635343231353938383233
31616130363862646234353430343133373062373366306233393230393434613835326463663465
39386562626665653361633238323561373132646137636166666632383433316461633364633364
36656336333933306136646439386239323063643561616130373831613232313766386535636664
62393636663733623439643161643261653134316536633130363332376633333939376236663361
61376462326238343761333438663231393238356430343862636231343566663734623137626664
32326663326439303337616136316333313432653332383332303331353638303332663631336130
32363664623134336437343264396439306235393638333339353266343766636432633062363139
30303435643137313730373637646536656633396635613465356262613134633432313035646130
39373133623063373566646535633830316561323437646137363864366431616534376162386465
35616630383063366132306436366465653136633434376439353165653062656330333837626262
61373133303130386533373839383333666161326536356134393237656338383661306263343430
37393265323534363332386530353766356235346530633033353838646130616138623635373361
30626138373865613664633964303866646365336133386434353433353339323438633938653239
30363061303135653836303632346364326463636430303531346237366330393034383265646136
36333337306138643161333066653666373564636362386439623066626430383065346239353936
38373938393731643133393331356639663363306361373739643263616262646433366365323037
66313233626166313366346633626461316531623266363263616633326635363935353965616433
61623037633462313038383431643137376333306531663764303937326164653061616166636566
33393437376134623063306161373132326634353833626537323937653563346666633231656636
34666539313639316366393865633232663838383032376266326234616566636130643631343866
39626161653338313261323139373138646634636365653966303930636366666530626435663431
35303261653135353333623632313335383261643764336639333831653430623939353630656162
31336362313933343961336334333734653638653363353335306162336339323863313865376161
38336437396431366130363436346464656436383464343233313037363537373535636361666233
65646639383339373663366364346231323932313936376438373361646638626166643736613738
34356462336363643931323338306133626439303164393061333435616131613065393963373436
33323864346630393133333666333462613464353834346538303731376562353336376638636664
30343336343235396666363036646239323639333862393362386463366434353262363231643165
35353631303934623364636631623232653063353134326239316138653564663933346364646561
37373433316131616137363931663930623562313333383431383730326435666364333039656134
32313664623665316666366463633931373937333662313934323238626364623461336366613939
32656638396161646466653135353362393664363537326138346264396438343639646239306163
39333531346466303731393262323932373834636464623036366566653730376130643562303838
33656565346562326565363938653933633064376665356533653438663438323163336132633865
63386631653265393233363932626364623432336235353831396166656536393836623237303733
37373764633432323636343033323336316665336331643038666137323538336230356666303439
35626264363733623133333139323064613964613534316365663834313537333638643762303862
34663564383365613063653761343031643338316539626436393962633331333065373839363331
63656562393232663730316664366230636365643233643566633334366431643164663035346464
33306662663234313930336430626234633237343831386263313931373332383531633834636434
36636432356535613231333033366263643566646636333931363030353238336562303162633064
66663938326661353639646531333730383863326536373131623337323637633530626466373538
63313131643037303932383931356633336533663632666631313831323531356335636162613236
32356661613531373034663964663332323634373034626639383233313735353231393031363538
38326664306563663732346263373536383965323732666462356631383231313637356337346366
35353435356565663835323232346165613030303635616333656563376232653163623633613264
31313036623461346534363831393165633261646663393133343065323662376566303061346164
30343533623966336366313565303966363232636236313339366233656535646562373633346235
39306236633033366163323132393935653363363232363538306132633864303536336133383131
34363837646462653534366130393932386237616262633931616137303064306463616365323137
64336639613130393461643762633038656630613862643535333634326138643532383265303363
61633839316130653939383266653333393732353463616465393932383561356135616135653334
37656163326431636665303038303033373364303338313135356163376235383832363861653935
39616661323061663031303062653138623765333963366539326434626633366232313237316538
33653661326530626562633531643462383237623731326562663431363236663130343361393464
30663834363139353432393839653535306139613734666166633437346161646636393533636534
65343839626135303666306339303462386464626331353030666433383631666433343833313934
31303265363664353232393761343339343766646262643962623236313633366563366437626636
30313239613064663161656265643966636563623066366532623065323938366237636364343837
34653436306361633664323063653337323866336234326630643339653061373933616439383766
37653331653231636533373362623565353831383561353633353430333762636465303062303235
65313265303030636535656664663861303730383034653266316562313166666131343965643936
65393761376264363563626665626634653931386232313862666131373930653164393839376137
33363763383930633839373132356535663463663538373731393164326463643633663262663530
62363035383664303538633739326364386263343562646433383164383936353039666438363764
33333734343765643932363562656261323161316339626231653163643730343339613133643936
39656335623937303064323935343033643331346361636230633636303861343539386131666331
38386432346262386630396266663862623630613563306163623935363539306539353931316165
38633831383733336266646337346261343832646233623334613664303962363137323837313530
39343034333638396235326662653264356166396438306262383939643566616432623363323465
65323565646562393166333331366364376266333430396238333763613333333335613237653339
30303333373934366661303966376237333039386366336266336463643236316639653464393736
32326339646236663466646465386639326435356661656161613936333664626164616237313765
31346331323435326136323831363063653034313266623236396231613864643834646430393064
65306138383963653630663530386262323663386630303031333933643934383266323530656663
30343830346663333632643563393632346634383061623036646163663933396436656634643533
33343437326634343462323331353163663663613831383035663930316139383634353034373933
31316262303733306339353731373039343436363063656333366633343632376139646461356637
65373839396234663063616362373739666537393463646135343735623364323164643536666536
61313830373339306665356366323166313261303937623961366239333338383431343138346332
38386530313064653639373431663966343732373538323763666665333732336234343335323533
63346333336131313232353438303334613762653739393135323166363632393162376237643738
38343236366261333961313864643430653862336632396466396536643338306634303662333333
32323038646165333834383735383563663365623963626365393831303430666430316230633838
34623064333035303565343064376533336234373136333266346261396465326136393462656232
34393232373436323736663365666637326532343538326335366565313233353335386561393762
35343231303838326238623066363336393539386635626234623161623364653932336238613765
33373464343133643133356337636564356461323464643136386139343039356333373237646632
62386435653430303730643135653435323932633332656238363331336436336632323463386463
31386537373138656139316535663361353531333731313064343364636636356335323132333864
32633436633534373964363365323865356166383132613464386139383035393138303434343261
30616230666664643133613265636164643531623135373362346336336637343930386664623035
34336435663433313435656530656563623365643034363439363134323166303036346666333562
39343663333137363635366666633731636533656232623231623564626561366163656631353633
38386466386437366165636539333130373565623432646663646530353763363931316334303337
65306539666662656263653338363135333333643338333461356530363561343364656637326430
61366166656261663935313966653634633363326165633365636165393763356436323234356664
38393262333664366433656636643439336666666162356232643035363762623830663663323736
37613538666537623964373062313830393333383535643563616533353630646536323734626539
3837
