$ANSIBLE_VAULT;1.1;AES256
63616337666337613666303163303232633837666333636165306363653335363134323731353330
6265353235623265643139633862386436396635303736370a383333643361636633336365356632
30623962616566343434666565646536323433373137646166653634663638356139616530326361
3663346565363439620a333136303164363063306432636638383865396339663831383363316337
64336630343732386533353631396366646434626339303039343961613537356634336331643334
32636663343066323562373531626530363235623364316631363262383230653366633637346461
36323939343365393833343162343037626138626361333261303261353331326666303138383361
30653038303935346664393362383165616439313461663338363561666333326234313533363834
66356634383361646665656133313562333534303635316239653966346232306265323837623031
30393462303064333934616138386638363937396530323839666564303431363461643464613433
65643263653633613034306536666132393166333563376331666363623434623033373766366163
38613735643735303434343466373335396138666465346266353763656231323632666639356634
33373532326132336437633366326432613337303634303836336637313330356330343837383061
30656534646464643861396431323031363435343064356231313364636234383039323835663863
38363635646432343435353935313636393262663238663138663134653131393934663036303162
37613434656237323565663763313564653135623634326163633137386634636635363630336538
62313331313761623633343734383734656533616566623336623265636663346563633139346162
31393235613161383264363931363865633462373039346634616234653830643566346238666633
65393262333135633637343062386365656539326438386435313563646364666265656337643737
36323265343863623834353134646639313966323334373032366338613965363335363566373739
39643734623961383566636335653339353437383832336162616261343237306261643836303538
65313330306532316565643136626164316336616534393961383238343931336234346664366638
61663037653137333766613465363831383239353565666233333231383135363832646466646334
36373561366563323732326330356335656131623439653833653564366233623438373235313433
38393935646439316138386237653236353263666437363563346261623862373562393937666561
63303638623033343636326436366530303363343262663636303130626136306138616538653362
64633964633266366337323165383034363962616333613664363663326233363862383364613638
31663961383161366630346639343932623363623364626434306362623665333961313130303133
61623930646166326537653537313734366336376130353161636338623863356233653063666362
64326432373630633233326464393264646332396636336635656334656336366161653231343165
38643635393038326631326333303834626663316536336132653632363465366337633332663666
32373232323263393831656266376265373130333531346638383732643963303836353437393864
61633733323531626165336136626434343237366239353662616231663231663035386337623830
38633764616162643332383963613061383264356265646663353934653230643234626332643463
38363239643438346330306466343138386564306331623465303830356439643630366530376162
31376435623535663438303930313335346335663565633234633838356432663061656637393535
64643638386462653061623639303332343433653233633365366562383236396634336139663564
30633566613663656636353739636661633265666264383563643761376234383561356434303866
39333133653966356663396337663933363864646563663639633137363038613564663639336561
61353162313235326563366637616534316263633033613066623961646166323866383135616465
61616337613063633137326665396336663062316362653466383634653161336438323338616364
33363831336138613238343738623831656461373230383965643931646138376434376466336334
39393430313430626537613862643062663730303031343061383037336337636233363962376564
64323363366138376263363432643966616639613464656263623738343230616534333335663430
64306336356532666334306630366533623165386130323736396333333336376166366665336536
39626337373538663761333061643734613066666466376363366435393931376634383564663764
38343062613666663336383532626433613463336166396434643930633963333264346433623162
31613139343466376631366166313962303362643262353936316631663337336366326135666335
61636434386636363266666464393863313266663661376238613463376361373936386165633263
39366134663165616361653734613935373962393533303039376264646331373433353335366164
31616161366564363961623738303339323863353165653132323361373165633732656438633239
37653239313932633431613335333437666563623331623266646632393264366263306266613836
32383361383466623837383136373735313661353166346130353666303530346132396562633862
37383262633337666335316533363033643337636437373966353863653731326532656438376664
33616537366539623231323632636231643633303962396230653032613665663833303733396235
63383664323065396539633537353133373962323431303832373235643330303165376464323162
34396562373136373131353332633365323837633263356337653665653634343863646630343961
35643263386234646538303538396132326134643838646537363862383361383032333933636665
34363236326561626266653163303635303439366233313536303132333363373934393635356134
38633933323535626436303563303737333063646238336166616439633561636162386330646264
66653132663663653131306533653666316365663064343766376539313731326432313863333565
36353039613437383033323430303364393438306164363865626665616339373735636133643332
36653138636537653362623864333665386333393431646135626436646165366433313339653763
62303931393938306565376239653136373762623533616237623463613762326664353835613039
33363531376631393066623631333164323233373763376365346131316335386339623835633662
35303037376434323633376233623763363464613437323337386338623236346632336634333364
36393338643363626331626139643036623539613334333863333766633366633630363138356463
30313634303766383034376264383534356639303261373066343536616364373632383863653135
65323965383336613136633763646537336263386565666531303534373639653330303234356461
65366636333334356139613938386330323336353634386130663665623761613733386562643635
39663136613738386662326133333832623737366664643937373137383566663631313761303861
66623638636530623932353766333266336634663735653032333237393733313864626563366363
30663165316530356331353563396363366438663031326565326562333662313932303938626634
31323636613932316431363839383336343863653736333535343730383637646562326662643737
31373734656461323638383934353463393737306636656262656631636563393966386634386133
63393538666636313065376663343562306664623765653937303662623833646663633966656431
62363066623064343765656563303361653861613431326636313962623237393436333230656162
31633732636337346133626238653264343934346265666662666134323033363237626465363930
36383631616463626338303738383137316361653435393031346234666166636131646239623937
66663932653138616366623762393839666664373465313835633761386239626161303961393766
31646237656534366165616539613932333566396138326537323335646438306630366331646130
66333336386662653433343766663030313136353439643733303438646530346263343537313631
33663138366364623635653565386232393966626433353562376530383862366135343333396339
64366332386162373433373464326337363362323536656531323337663030623934313834356434
61323331643433386439643039616431303066363635643564653739343131376637346465336464
61613935366134323937353133666664383363333138316232386363356432303936616532383565
62336163333739306335613439376131613131336136613933373732376662633934646663353631
38323031643563363536316564363864323665303437363931323162376638393535643134663937
66663164333833366539343534366433376131323838623239333265613734623162656666303638
65613165646263366635313561623463363033363438636436666664373833313931343130303466
35616538386337396362343031646230306536353431366166383030383664643831353232346339
38363063363835616365333834383131353539636435633637383833633431323934623130326337
38326335646339373461613865346634633062633562386264396638313734626432326462663838
64613637373361383564313163333466653938363434336263353365616336363431363638613966
61653135353863616431303164343362363063393130303535613466663831633063353737656361
34383833333038636130336462633137633066356466373935623235373634623561656665656166
36363463643565373138663466653661336665623864373830373461383336616132333863663861
32643861313230383630396235316432636363323539376166633637386633663333343332656232
36653961653665633236353332643464326338323132613934306163303536323834373937376630
62373431626636356532653062383031386131333966323761373730373535633436616434326530
37386236386338313662653431313363366435303633373433333232613732666333323865303437
66623661373138383936343531363732323261393765613436656664386636303963353738323761
63323638383462336233653934613066373530346231646164633930396661613930316630643630
64316332393332663039616364326665386136356364613732386330353061663134643164643763
30636338343839393039396633386464376264333632366566363463383562383837653634613161
65316162393263363462633231383039616661316235303833366634633361633631376336316163
61366365346561393738333466353730646362646535623932643339393134323466306539373831
38643834636534663936643263636664313133653033616366613937366161316431636132656235
39626336323163393530353764393230643832343565643463636633303530343636
