$ANSIBLE_VAULT;1.1;AES256
38353839623734353732646665343438313839363562663835323465666534626538646234613136
3064663633333765623565613132306138313661336438610a373431363932383039323133626230
33356265396664646363333834613033613163623466656338396235356563666137656633396664
3936336466616562370a333831653537633765313064373031326163346234613065306530326134
30353832313563306239623935383337366330353964633933366238323136333664373063373862
38643039386463366635383665666564303636393031383864333635613933316535383036376633
38646561393762383063366532353237313438393335383364366163323730613564643630346362
33306636383230363639346134316635376432376561663565346332343834383061336630333931
61303266656439343635363862653030366162386563383661616331346632353037626131356163
35373266636632363434393863346631633330653665666566383539656538663064646239386564
32313562346231643763323861663130393138363361353133393738636162666566666136643832
36323262313839663132323336346165306339363334373637343237623663383738306531396365
39366332373231633636303031316130303132386461626230383664333162656538343537393831
64383261613362316666373861303133363031363862353235333435323466343763616363303961
66353962376636353833373039303765356264336662363734316662326637356537646137393266
65376431393633386134663236373062386139666635633935353937623230663539323838656538
65393431323235303366306439356366643866383530613264373364303366633532653536323930
62623839326330323736656439343361326363386162623432353438336632383264616634623665
64343633393764336666333563613439376263336563663564363462336162633339316635613261
66306633376263643965323835646137656236383761646530383033636630376538303161356233
33613766366331666466316430353661393264306337386637383534303331396161656534366639
30323561373665313831333331383236346432316663616232626338663765323238646233386231
30666232333434376166303664373164323034313066623035656662326361393033643332306133
62396366323534643331646131356164656665356361376561356365386563333136363432613866
65393230656235323964653166636235633637336431656262386563336630646134356430613631
65656163316132333936613338363735303664303431663963356338633764346435323566313831
34303066363936393433323365663562616536386165643237336366363165333130623539366362
61303838373062663764353539623264643164643330643731326632343266656561316266303938
33623961333236653634653265313565376535616236323037373439373031343837393962386336
30643430633766396339666566333632343236353434343333643231653661373331643839633639
37373663383662303439316362393333306437613166353234346535383831326337653663343230
32356464333435353132613838326266646631386262376533363039373765623137343637646137
32373966653230313235316132623034313162656630386531346239633063616230363361653936
35626635626164653438623638613231306365303631376262333639373035303832383835656234
66343633663466383162326361656135623738656134333737373435653836653563616537386136
64616435386431366165306436366135336265393032306434613039653461353964376363633361
35356365653334346261613731336335623130613563653032323266663636393335663734653432
35313537383864393831316565323130343939613432353266336136373335316437333237623734
63356438633464616264613136313036346366366164636464363535336435373066613535383639
63613334366334666636333465366435333865636138336134636664643935636233666334663630
34373937323062643433383038633565303936346165656463326666646666393263323538383138
66313262373437376636653437316233316539633038393934663234336435306164336239376162
33663065393834383962353338666263376265316532313439333630346233353365636138336236
65616664343766313533386436663333383536376236336464313164383237333032326266303731
31666230356532373439393136613437333566363863383635643961656134653339393138623639
34373538396563323236316462333437356565353337626130373939363039656438633239623631
31303630633437653534353733666236363733653964303764656439633936343065396537393864
35633731623737633839333734643134356535373138373735306433613932353465336265633734
63646162623236323462306364653134633136386263613834363466623636313135616230353531
31353066653363623132613066303733643639333164393561353761396231663332363139303439
66376266633439633565336465333461666631383262303463646631393063323438623032313762
37353863393962613264663033613161626164303864376232396162313164353039663839366564
39383762653666623535653962666162393439306665643464623532643362616566626632383266
65333134636637646632303635623031333734653037346332326462646639333861356136613335
64383565323262393834613537626535653038356233383366336137313361636432623738616435
39346636346365643830326433343339326234363632313030343535323837613162613763383866
37396430653835386633663564653738646332393133393134363639623163316365373038663135
64613935313861336330383730376134393864346534356633653232616538643634626161323131
65363337383333643238323638373739373564383034336234396639333236326633653665613339
37306236383630333239323566393735343938373935396535373538353735316435373162346334
37653434656561663532663261316331666639383536333639373235656436396562363766306535
31376532326337326333373064316238666633313436646366373461656463356637306130373537
37656136333039313637633336643164363765326636326533636633396463376666303461626338
34643566623665616138396535633136303434393535303239383833383338656165336139313966
36653632336463613837663233373137343332653664346330376139653137336465613961643539
36383534633438633336636132623464313930343966376432323564343337313231633165356465
64383963383132646430336365653331633632383266633765383362353437313965613732383338
34623664353664336665306136613932643164623761353563326637653232656536666139383335
64653136306338336436393063396562326637363232333163666266663063343866323961373063
32373236303333303132353764623630653234363734366237386132323465613734316362313730
63643432343139623461393836656264396635653766646330373537633632653338343264653434
39353130306637313230633537356662396434316364333237616538636439306366646161373262
33646336663934636261613330663664316535303265356362623736393136306236343035356139
32353835316362643062626334386131323431656565383030656534386335366661326365306432
61626338303338343031653334303961646138376233313062376462316232383264346665346536
30623637396338313338366236656662323731383239393630383439356331623130633034333963
34323133303132663064393565366130323762303635373937393534653737383539656537393430
66376235346539393933343462346133373739303163643933666663303064333930343637643233
65396265356166313966393031333338326432313338363961353865306466633832353638633031
38666334366633353433616432303039303633363433343031393532386565613238346236393932
66336565336431303133383262656235633230656239643535383533623865613237323731326333
62353737666432336661623932326334343839616334356134376335343463393666333933653430
34653562323261376233383965393364626439336330383634616534656439336434633734306632
32336266383738623662363366356661366662313739626662633966613734326461623138656437
66626531623637356230343234373935663630626265303162633736653536383838323430646138
39623939316330653665323161326237656138646236313439303137346364393563343639646430
30613263633464323037623063326334626261363764376461343139666132386232373364663861
35633930363436383765373562366161383262643533663164383638623766643636633235386664
31383364346336616263343232323362383932396265656234663536353565326138313533666235
36643762636239636466303434353432623664646266613565633063353939363934666533666439
37323733306131356364616363643137363831646466633064343466613466626534373138323133
34343934373263316266326433303264376130323165383234356636613565373461306533653663
64333337326631636532393664373433303631316638326435386462323064613166393535613663
3133306165616634383062663466613338636330306165316232
