$ANSIBLE_VAULT;1.1;AES256
64383838396265653365343861343362316562363865636230623564316562356366376264663036
6536303765333234613437363062623235666234353664310a393561343233306565383439633036
33393562393163383739636432633535613131366639356166656138373633663836343062376431
6234633464663833310a353134333062623365653733353531636537353262616238343362643865
36336430376563666431383538323735316433326432306631396435333635613532306164333966
65623731353239333764376663353439363137663134376565346664646461316566373366393262
61396138623561623334656132626437656237643434303638353662313331303937663662613063
62393032386462393231363761306539326134346632383336353938313237666433633666623964
38363932643237323836386563623536313264363862396266366236393465616564366661623763
38633266313333646539653233386663623137323035626662663732363264366661323666633430
39656231656463333034613236366464623234303563373162396663303132333832343764323633
36366530626265623138326461626333623063363632623531376264616164613532383338323838
34383133616665646465393462343865373363306634653764346337333434396262363361396635
37333666313437393361323131303336653365363838373464353566366137373463663463653232
33356662613462613731306438396233643565313662653633303964633131333564346530616338
62363937346234386264656433376333346162336666663364363966343636323731656439323066
35313863393261373661626438626438663231613961343661616638323735386366356233626531
65663836303562653062323435356230656636363837643130643865303032353131306463393930
61366332663862613065373439376666336432346231613564633366303733303062613538383830
37663232616430623530343830666361303032613734633634376236363530333931313534613763
38353036303061326434623836393631646531363664323135393961353136373139643431376637
30383536343361376435396361623634343034323138343634303934386162353639666531366238
30376464313463343034623362646232616637653936633232383236663565323462366365366634
63363239613630663166653033353964653566663734646639663639623065323836333630323936
66303062393032633632646333396235333738306563356439363535653865346131326333333333
38656435613939333734393662626264643962373162663365323266376232623164656163306532
66643865303335356264396361653764326330633935326431323666353237313530643930646663
62643964303938623762613432323936366333326333383839393538306631353963623335623231
33653334666638313137656437643364363631316162393562643631366534363637653262363366
62383561633161346236393563306361376534333030353331633131376438613731313535326138
36353137393066623435343738653565623238313436613730393434316530633938636233633237
32363531313637353964303735373864383130366332333061323964623030303466333561613335
35356232323035333064323630646166343566623165643661656330666134353137366431303036
39626639396433313032303239313537656261613932326233343030393430663664663764643566
33643832353234306163393465393036626337303261386434633765343731396631353036336565
65646566623337366230386136613563396665383733326533643333363232666662383430303763
35353632663138336331356434333332396630656337643630303933353434613064666432353864
32663566643264623765653039666634646665643264346539656463663239666565646564353233
39373161323765326263346137643938616561366464626439373563383363343430633665383134
66303239353461376538323933363239303134393438623864373835306234303466316430626231
36626465663663313739306530386138323634366432306531656432323665373063653131376662
32663161316237303865366431306134643566346564363766356466643163306134323133373037
62613433623162373135376230616265633764356335323366396338363631353239363839373339
35316563643665373864616465626138356564346266663362393730646531326565393362356532
37386434376139316135373866646333623561656364363033643735333164653234346335336335
37316132393837626462653030643430303239643338306461373431633934666137343136333735
62656163663962616130656465633366613938396163313234373830393439626632653662373963
36656539393632363937313233386432306465373031386333353130346636353861396535353431
35356330343034613735313032306139643665376637363036636135336332613231646536616337
62306332643564643766346530616132363937376365373939623863663337326163343731386433
33616639316334396431643139643032306665343463383534633665346366653333653530313130
31343233663437396635646631353738373361326236396161643238306364366433376631633734
36313266306235376532633435626666663331316362373134653635646162313564366132333234
39393634636162353334363636346535383934303337336165383530313232383939303133373531
63613232386437353333363161333864353237303730626136613263316263663834366331633530
33316339326537636539663061333334643465663965386430356635613863653731333830353335
61663334376134396535643965376665393533633735396430663733643165343463316633656636
35383931643562383866303066376133366435633932626166393138393435383166343035326632
61326337613963356537633237366566623731663539663235336336316163653535343831616632
64366463626338343931313136383661313661613034303333626661376134326266373261653763
66613838373731353862373563663833623066396331346335626461383666303838323233383032
36346663393665623365666130396164616534316335383436616463323939663636343435373133
30396131646365393233333666633537386461366334613235373134316334373262356233633539
62333363353864393930333333303938383537373036623438363435353138616263373637386161
37646334393862346162616431386661316465666161666362623434613166633033386635356465
31646262323036653334356531613162626636353632633835363665616432336436636530323835
31623230623336376237643731633736373037316536633539613063623337303664336330373330
31636463363936373931336365373437393739626361343331663836396437366566386233336262
65333139633436633730613264313735636635333864393830306364613965393963326439323364
37363939326438656637343766333939666432363763306332653163306265323861366233613839
66663938323866306339373432656331356664336134366335623532646465386533323536383230
63646265323261656135376535383364336464306261663030656337623466356365623834383335
64333131336466663364666164366333396230313861373336386566616464363038383734313537
65306631303366616132616263613864343537323163306130393737316530653936616635303733
32633536653431363565633236626535643861636231303732653739623031303732316437353230
39643539646262393136653162366565316634336637333636316533393564643930383130643830
31653535316363316161343662333364663338323134663933623234346134333535613837613434
36663166336262393839303736663434386665363837633662653966613338646266393334386164
36353065303132663039393336333639366262303964643063653139633930663833643964353164
32343263626462396638333633663639366434393932376230313135306262653139386466616531
38623337363831323231383435393261663632373331623037383934336663356534613830323434
33303330316465646634393662323838663738636432633131623965316564393161303734313266
33346637613134633136383833323031306563353561633562343838306164666233666165613431
36356164366364383433316166633637666437666634356161376166373731306230656233383037
65316135326632363530353532323963616463323730376138613561623330303932383663633965
65386439653431626139336539383532646330633538313432346133323633383234313030363230
63386162636132356666616438313337356139333034396430653934373363373064376139346237
36643263613838343162613433613736313835373064316637333931306337336433333066633562
32666231326163393561353035366639333033323437643230363131646132363064626334363533
35663861356663373535663466336539313637363034373765373039373032656230656437373862
38303334346531393963636632343732396465346263393861396637616565313462373038356561
63643763646535613762346635313763616165656139666537313764313738393463663331343936
65336465323938616362656232626331326263336666643939356133306333313138313963626435
38363539303538393639393263396637323864303334323665316431613166306233656534626637
32663931663164663731303235633530373565316461383163643433336632653836623130396436
35653635353266666238326533643835643230333538363765376533616230653862623437623630
32653831366532363237383333363830333661646163633938313132663933323064376136656265
33303437363538653039383839393966313630653938643161636565366237656631396531383333
62643735333561623733393435376463626166363535303931613963656232343239356434316365
30623831633062373939323438313332346665613033383531373165363331393235303832363461
31653634353133363331333066363739353465663136346335653734363836323432396431616334
35646134316637653265343139313136393134626439306165653938616139363631333735303239
64633464386565666465646639386264653766386233376663373138363732636264366231363039
66346132386163353966393137353062623633346163643563363836376539643934663039646664
61323364643363643731343834623561353135393663643566383866623433363436313234636232
64373037313930653533363535373565663564643833353436356133653563336130386335643065
64396662653536303631616664346665303734653838326164386665323631336330326137333933
64356264343237616262636437306637303233343761646632646234376537333535323936663965
3865
